// From NREL's SOWFA
//   alpha   C_l    C_d
    (-180.000    0.000  0.0280)
    (-177.000    0.088  0.0292)
    (-174.000    0.176  0.0323)
    (-171.000    0.265  0.0372)
    (-168.000    0.353  0.0465)
    (-165.000    0.441  0.0729)
    (-162.000    0.529  0.1097)
    (-159.000    0.617  0.1527)
    (-156.000    0.706  0.2012)
    (-153.000    0.794  0.2542)
    (-150.000    0.882  0.3116)
    (-147.000    0.923  0.3730)
    (-144.000    0.869  0.4366)
    (-141.000    0.820  0.5030)
    (-138.000    0.774  0.5706)
    (-135.000    0.729  0.6389)
    (-132.000    0.686  0.7074)
    (-129.000    0.642  0.7750)
    (-126.000    0.598  0.8412)
    (-123.000    0.553  0.9057)
    (-120.000    0.506  0.9666)
    (-117.000    0.457  1.0240)
    (-114.000    0.408  1.0778)
    (-111.000    0.358  1.1271)
    (-108.000    0.306  1.1698)
    (-105.000    0.254  1.2075)
    (-102.000    0.202  1.2400)
    (-99.000    0.150  1.2648)
    (-96.000    0.099  1.2825)
    (-93.000    0.049  1.2943)
    (-90.000    -0.000  1.3000)
    (-87.000    -0.049  1.2943)
    (-84.000    -0.099  1.2825)
    (-81.000    -0.150  1.2648)
    (-78.000    -0.202  1.2400)
    (-75.000    -0.254  1.2075)
    (-72.000    -0.306  1.1698)
    (-69.000    -0.358  1.1271)
    (-66.000    -0.408  1.0778)
    (-63.000    -0.457  1.0240)
    (-60.000    -0.506  0.9666)
    (-57.000    -0.553  0.9057)
    (-54.000    -0.598  0.8412)
    (-51.000    -0.642  0.7750)
    (-48.000    -0.686  0.7074)
    (-45.000    -0.729  0.6389)
    (-42.000    -0.793  0.5706)
    (-39.000    -0.854  0.5030)
    (-36.000    -0.914  0.4366)
    (-33.000    -0.976  0.3730)
    (-30.000    -1.094  0.2813)
    (-29.394    -1.122  0.2601)
    (-28.788    -1.150  0.2393)
    (-28.182    -1.177  0.2186)
    (-27.576    -1.185  0.2060)
    (-26.970    -1.185  0.1969)
    (-26.364    -1.185  0.1879)
    (-25.758    -1.184  0.1789)
    (-25.152    -1.184  0.1700)
    (-24.545    -1.181  0.1610)
    (-23.939    -1.179  0.1522)
    (-23.333    -1.174  0.1448)
    (-22.727    -1.168  0.1375)
    (-22.121    -1.162  0.1302)
    (-21.515    -1.155  0.1229)
    (-20.909    -1.152  0.1155)
    (-20.303    -1.149  0.1079)
    (-19.697    -1.145  0.1011)
    (-19.091    -1.141  0.0948)
    (-18.485    -1.136  0.0886)
    (-17.879    -1.131  0.0825)
    (-17.273    -1.124  0.0771)
    (-16.667    -1.117  0.0717)
    (-16.061    -1.110  0.0663)
    (-15.455    -1.105  0.0614)
    (-14.848    -1.100  0.0566)
    (-14.242    -1.095  0.0517)
    (-13.636    -1.088  0.0472)
    (-13.030    -1.081  0.0430)
    (-12.424    -1.074  0.0388)
    (-11.818    -1.055  0.0350)
    (-11.212    -1.008  0.0320)
    (-10.606    -0.961  0.0290)
    (-10.000    -0.914  0.0260)
    (-9.394    -0.846  0.0241)
    (-8.788    -0.777  0.0223)
    (-8.182    -0.709  0.0204)
    (-7.576    -0.638  0.0189)
    (-6.970    -0.565  0.0177)
    (-6.364    -0.492  0.0165)
    (-5.758    -0.415  0.0154)
    (-5.152    -0.331  0.0148)
    (-4.545    -0.247  0.0141)
    (-3.939    -0.163  0.0135)
    (-3.333    -0.076  0.0132)
    (-2.727    0.010  0.0129)
    (-2.121    0.097  0.0126)
    (-1.515    0.183  0.0125)
    (-0.909    0.270  0.0123)
    (-0.303    0.355  0.0123)
    ( 0.303    0.440  0.0123)
    ( 0.909    0.524  0.0123)
    ( 1.515    0.606  0.0124)
    ( 2.121    0.689  0.0125)
    ( 2.727    0.770  0.0126)
    ( 3.333    0.851  0.0127)
    ( 3.939    0.932  0.0129)
    ( 4.545    1.011  0.0131)
    ( 5.152    1.090  0.0134)
    ( 5.758    1.168  0.0136)
    ( 6.364    1.245  0.0139)
    ( 6.970    1.321  0.0143)
    ( 7.576    1.396  0.0147)
    ( 8.182    1.469  0.0151)
    ( 8.788    1.541  0.0157)
    ( 9.394    1.610  0.0163)
    (10.000    1.679  0.0169)
    (10.606    1.742  0.0178)
    (11.212    1.804  0.0188)
    (11.818    1.860  0.0200)
    (12.424    1.907  0.0216)
    (13.030    1.950  0.0235)
    (13.636    1.977  0.0266)
    (14.242    1.997  0.0302)
    (14.848    2.008  0.0346)
    (15.455    2.012  0.0400)
    (16.061    2.012  0.0460)
    (16.667    2.001  0.0535)
    (17.273    1.989  0.0610)
    (17.879    1.977  0.0685)
    (18.485    1.938  0.0789)
    (19.091    1.892  0.0901)
    (19.697    1.845  0.1013)
    (20.303    1.804  0.1133)
    (20.909    1.768  0.1262)
    (21.515    1.732  0.1391)
    (22.121    1.696  0.1520)
    (22.727    1.660  0.1649)
    (23.333    1.624  0.1778)
    (23.939    1.588  0.1902)
    (24.545    1.572  0.2025)
    (25.152    1.557  0.2149)
    (25.758    1.541  0.2272)
    (26.364    1.525  0.2396)
    (26.970    1.508  0.2519)
    (27.576    1.491  0.2643)
    (28.182    1.476  0.2765)
    (28.788    1.466  0.2884)
    (29.394    1.456  0.3004)
    (30.000    1.444  0.3123)
    (33.000    1.377  0.3730)
    (36.000    1.291  0.4366)
    (39.000    1.209  0.5030)
    (42.000    1.127  0.5706)
    (45.000    1.042  0.6389)
    (48.000    0.980  0.7074)
    (51.000    0.917  0.7750)
    (54.000    0.854  0.8412)
    (57.000    0.789  0.9057)
    (60.000    0.722  0.9666)
    (63.000    0.653  1.0240)
    (66.000    0.583  1.0778)
    (69.000    0.511  1.1271)
    (72.000    0.437  1.1698)
    (75.000    0.363  1.2075)
    (78.000    0.289  1.2400)
    (81.000    0.215  1.2648)
    (84.000    0.142  1.2825)
    (87.000    0.070  1.2943)
    (90.000    0.000  1.3000)
    (93.000    -0.049  1.2943)
    (96.000    -0.099  1.2825)
    (99.000    -0.150  1.2648)
    (102.000    -0.202  1.2400)
    (105.000    -0.254  1.2075)
    (108.000    -0.306  1.1698)
    (111.000    -0.358  1.1271)
    (114.000    -0.408  1.0778)
    (117.000    -0.457  1.0240)
    (120.000    -0.506  0.9666)
    (123.000    -0.553  0.9057)
    (126.000    -0.598  0.8412)
    (129.000    -0.642  0.7750)
    (132.000    -0.686  0.7074)
    (135.000    -0.729  0.6389)
    (138.000    -0.774  0.5706)
    (141.000    -0.820  0.5030)
    (144.000    -0.869  0.4366)
    (147.000    -0.923  0.3730)
    (150.000    -0.882  0.3116)
    (153.000    -0.794  0.2542)
    (156.000    -0.706  0.2012)
    (159.000    -0.617  0.1527)
    (162.000    -0.529  0.1097)
    (165.000    -0.441  0.0729)
    (168.000    -0.353  0.0465)
    (171.000    -0.265  0.0372)
    (174.000    -0.176  0.0323)
    (177.000    -0.088  0.0292)
    (180.000    0.000  0.0280)
