// From NREL's SOWFA
//   alpha   C_l    C_d
    (-180.000    0.000  0.0147)
    (-177.000    0.081  0.0160)
    (-174.000    0.162  0.0195)
    (-171.000    0.243  0.0250)
    (-168.000    0.324  0.0383)
    (-165.000    0.405  0.0723)
    (-162.000    0.486  0.1126)
    (-159.000    0.566  0.1596)
    (-156.000    0.647  0.2125)
    (-153.000    0.728  0.2704)
    (-150.000    0.809  0.3329)
    (-147.000    0.851  0.4000)
    (-144.000    0.814  0.4693)
    (-141.000    0.780  0.5419)
    (-138.000    0.747  0.6157)
    (-135.000    0.713  0.6903)
    (-132.000    0.678  0.7651)
    (-129.000    0.640  0.8389)
    (-126.000    0.602  0.9113)
    (-123.000    0.561  0.9819)
    (-120.000    0.517  1.0485)
    (-117.000    0.471  1.1113)
    (-114.000    0.423  1.1702)
    (-111.000    0.374  1.2243)
    (-108.000    0.322  1.2711)
    (-105.000    0.269  1.3125)
    (-102.000    0.215  1.3483)
    (-99.000    0.161  1.3757)
    (-96.000    0.106  1.3954)
    (-93.000    0.053  1.4086)
    (-90.000    -0.000  1.4152)
    (-87.000    -0.053  1.4086)
    (-84.000    -0.106  1.3954)
    (-81.000    -0.161  1.3757)
    (-78.000    -0.215  1.3483)
    (-75.000    -0.269  1.3125)
    (-72.000    -0.322  1.2711)
    (-69.000    -0.374  1.2243)
    (-66.000    -0.423  1.1702)
    (-63.000    -0.471  1.1113)
    (-60.000    -0.517  1.0485)
    (-57.000    -0.561  0.9819)
    (-54.000    -0.602  0.9113)
    (-51.000    -0.640  0.8389)
    (-48.000    -0.678  0.7651)
    (-45.000    -0.713  0.6903)
    (-42.000    -0.721  0.6157)
    (-39.000    -0.734  0.5419)
    (-36.000    -0.752  0.4693)
    (-33.000    -0.779  0.4000)
    (-30.000    -0.905  0.2979)
    (-29.394    -0.941  0.2740)
    (-28.788    -0.977  0.2502)
    (-28.182    -1.013  0.2263)
    (-27.576    -1.023  0.2128)
    (-26.970    -1.021  0.2037)
    (-26.364    -1.020  0.1946)
    (-25.758    -1.019  0.1856)
    (-25.152    -1.018  0.1765)
    (-24.545    -1.018  0.1676)
    (-23.939    -1.019  0.1588)
    (-23.333    -1.020  0.1508)
    (-22.727    -1.021  0.1429)
    (-22.121    -1.022  0.1349)
    (-21.515    -1.023  0.1270)
    (-20.909    -1.024  0.1190)
    (-20.303    -1.026  0.1111)
    (-19.697    -1.025  0.1040)
    (-19.091    -1.023  0.0978)
    (-18.485    -1.022  0.0916)
    (-17.879    -1.019  0.0855)
    (-17.273    -1.016  0.0799)
    (-16.667    -1.012  0.0743)
    (-16.061    -1.009  0.0688)
    (-15.455    -1.024  0.0625)
    (-14.848    -1.042  0.0562)
    (-14.242    -1.058  0.0499)
    (-13.636    -1.067  0.0443)
    (-13.030    -1.074  0.0394)
    (-12.424    -1.081  0.0344)
    (-11.818    -1.072  0.0300)
    (-11.212    -1.023  0.0266)
    (-10.606    -0.975  0.0232)
    (-10.000    -0.927  0.0199)
    (-9.394    -0.856  0.0181)
    (-8.788    -0.787  0.0163)
    (-8.182    -0.717  0.0145)
    (-7.576    -0.641  0.0134)
    (-6.970    -0.561  0.0125)
    (-6.364    -0.481  0.0117)
    (-5.758    -0.400  0.0110)
    (-5.152    -0.317  0.0107)
    (-4.545    -0.234  0.0103)
    (-3.939    -0.152  0.0100)
    (-3.333    -0.071  0.0098)
    (-2.727    0.010  0.0097)
    (-2.121    0.092  0.0095)
    (-1.515    0.172  0.0095)
    (-0.909    0.252  0.0094)
    (-0.303    0.332  0.0095)
    ( 0.303    0.411  0.0095)
    ( 0.909    0.489  0.0095)
    ( 1.515    0.567  0.0096)
    ( 2.121    0.645  0.0097)
    ( 2.727    0.722  0.0099)
    ( 3.333    0.799  0.0101)
    ( 3.939    0.875  0.0102)
    ( 4.545    0.951  0.0105)
    ( 5.152    1.026  0.0107)
    ( 5.758    1.100  0.0111)
    ( 6.364    1.173  0.0114)
    ( 6.970    1.245  0.0118)
    ( 7.576    1.317  0.0122)
    ( 8.182    1.387  0.0127)
    ( 8.788    1.456  0.0132)
    ( 9.394    1.522  0.0138)
    (10.000    1.588  0.0145)
    (10.606    1.649  0.0153)
    (11.212    1.707  0.0163)
    (11.818    1.762  0.0173)
    (12.424    1.810  0.0187)
    (13.030    1.854  0.0203)
    (13.636    1.888  0.0224)
    (14.242    1.905  0.0257)
    (14.848    1.895  0.0308)
    (15.455    1.879  0.0367)
    (16.061    1.858  0.0433)
    (16.667    1.804  0.0535)
    (17.273    1.750  0.0638)
    (17.879    1.696  0.0741)
    (18.485    1.639  0.0864)
    (19.091    1.582  0.0992)
    (19.697    1.524  0.1120)
    (20.303    1.480  0.1247)
    (20.909    1.449  0.1372)
    (21.515    1.418  0.1498)
    (22.121    1.387  0.1624)
    (22.727    1.356  0.1750)
    (23.333    1.325  0.1876)
    (23.939    1.295  0.2002)
    (24.545    1.283  0.2122)
    (25.152    1.274  0.2241)
    (25.758    1.267  0.2360)
    (26.364    1.260  0.2479)
    (26.970    1.252  0.2602)
    (27.576    1.245  0.2723)
    (28.182    1.236  0.2851)
    (28.788    1.222  0.2997)
    (29.394    1.208  0.3143)
    (30.000    1.194  0.3288)
    (33.000    1.135  0.4000)
    (36.000    1.094  0.4693)
    (39.000    1.064  0.5419)
    (42.000    1.039  0.6157)
    (45.000    1.018  0.6903)
    (48.000    0.968  0.7651)
    (51.000    0.915  0.8389)
    (54.000    0.860  0.9113)
    (57.000    0.801  0.9819)
    (60.000    0.739  1.0485)
    (63.000    0.673  1.1113)
    (66.000    0.605  1.1702)
    (69.000    0.534  1.2243)
    (72.000    0.460  1.2711)
    (75.000    0.384  1.3125)
    (78.000    0.307  1.3483)
    (81.000    0.230  1.3757)
    (84.000    0.152  1.3954)
    (87.000    0.076  1.4086)
    (90.000    0.000  1.4152)
    (93.000    -0.053  1.4086)
    (96.000    -0.106  1.3954)
    (99.000    -0.161  1.3757)
    (102.000    -0.215  1.3483)
    (105.000    -0.269  1.3125)
    (108.000    -0.322  1.2711)
    (111.000    -0.374  1.2243)
    (114.000    -0.423  1.1702)
    (117.000    -0.471  1.1113)
    (120.000    -0.517  1.0485)
    (123.000    -0.561  0.9819)
    (126.000    -0.602  0.9113)
    (129.000    -0.640  0.8389)
    (132.000    -0.678  0.7651)
    (135.000    -0.713  0.6903)
    (138.000    -0.747  0.6157)
    (141.000    -0.780  0.5419)
    (144.000    -0.814  0.4693)
    (147.000    -0.851  0.4000)
    (150.000    -0.809  0.3329)
    (153.000    -0.728  0.2704)
    (156.000    -0.647  0.2125)
    (159.000    -0.566  0.1596)
    (162.000    -0.486  0.1126)
    (165.000    -0.405  0.0723)
    (168.000    -0.324  0.0383)
    (171.000    -0.243  0.0250)
    (174.000    -0.162  0.0195)
    (177.000    -0.081  0.0160)
    (180.000    0.000  0.0147)
