// From NREL's SOWFA
//   alpha   C_l    C_d
    (-180.000    0.000  0.0127)
    (-177.000    0.079  0.0141)
    (-174.000    0.157  0.0176)
    (-171.000    0.236  0.0234)
    (-168.000    0.315  0.0364)
    (-165.000    0.394  0.0713)
    (-162.000    0.472  0.1130)
    (-159.000    0.551  0.1612)
    (-156.000    0.630  0.2156)
    (-153.000    0.709  0.2753)
    (-150.000    0.787  0.3399)
    (-147.000    0.830  0.4093)
    (-144.000    0.799  0.4812)
    (-141.000    0.769  0.5565)
    (-138.000    0.740  0.6331)
    (-135.000    0.709  0.7107)
    (-132.000    0.676  0.7886)
    (-129.000    0.641  0.8654)
    (-126.000    0.605  0.9409)
    (-123.000    0.566  1.0145)
    (-120.000    0.524  1.0839)
    (-117.000    0.478  1.1495)
    (-114.000    0.431  1.2111)
    (-111.000    0.381  1.2676)
    (-108.000    0.329  1.3167)
    (-105.000    0.276  1.3602)
    (-102.000    0.221  1.3978)
    (-99.000    0.166  1.4268)
    (-96.000    0.110  1.4477)
    (-93.000    0.055  1.4620)
    (-90.000    -0.000  1.4694)
    (-87.000    -0.055  1.4620)
    (-84.000    -0.110  1.4477)
    (-81.000    -0.166  1.4268)
    (-78.000    -0.221  1.3978)
    (-75.000    -0.276  1.3602)
    (-72.000    -0.329  1.3167)
    (-69.000    -0.381  1.2676)
    (-66.000    -0.431  1.2111)
    (-63.000    -0.478  1.1495)
    (-60.000    -0.524  1.0839)
    (-57.000    -0.566  1.0145)
    (-54.000    -0.605  0.9409)
    (-51.000    -0.641  0.8654)
    (-48.000    -0.676  0.7886)
    (-45.000    -0.709  0.7107)
    (-42.000    -0.707  0.6331)
    (-39.000    -0.711  0.5565)
    (-36.000    -0.720  0.4812)
    (-33.000    -0.737  0.4093)
    (-30.000    -0.871  0.3022)
    (-29.394    -0.910  0.2773)
    (-28.788    -0.948  0.2525)
    (-28.182    -0.987  0.2277)
    (-27.576    -0.999  0.2136)
    (-26.970    -1.001  0.2039)
    (-26.364    -1.004  0.1940)
    (-25.758    -1.009  0.1840)
    (-25.152    -1.014  0.1740)
    (-24.545    -1.017  0.1643)
    (-23.939    -1.021  0.1555)
    (-23.333    -1.025  0.1474)
    (-22.727    -1.029  0.1393)
    (-22.121    -1.032  0.1312)
    (-21.515    -1.036  0.1231)
    (-20.909    -1.040  0.1150)
    (-20.303    -1.044  0.1069)
    (-19.697    -1.046  0.0998)
    (-19.091    -1.044  0.0937)
    (-18.485    -1.043  0.0877)
    (-17.879    -1.041  0.0817)
    (-17.273    -1.036  0.0765)
    (-16.667    -1.031  0.0712)
    (-16.061    -1.027  0.0660)
    (-15.455    -1.033  0.0605)
    (-14.848    -1.042  0.0550)
    (-14.242    -1.046  0.0494)
    (-13.636    -1.047  0.0443)
    (-13.030    -1.047  0.0398)
    (-12.424    -1.049  0.0353)
    (-11.818    -1.040  0.0310)
    (-11.212    -1.004  0.0274)
    (-10.606    -0.970  0.0237)
    (-10.000    -0.933  0.0201)
    (-9.394    -0.857  0.0179)
    (-8.788    -0.784  0.0157)
    (-8.182    -0.710  0.0134)
    (-7.576    -0.631  0.0121)
    (-6.970    -0.550  0.0113)
    (-6.364    -0.468  0.0105)
    (-5.758    -0.387  0.0099)
    (-5.152    -0.306  0.0096)
    (-4.545    -0.224  0.0094)
    (-3.939    -0.144  0.0092)
    (-3.333    -0.064  0.0090)
    (-2.727    0.016  0.0089)
    (-2.121    0.095  0.0088)
    (-1.515    0.174  0.0088)
    (-0.909    0.253  0.0088)
    (-0.303    0.332  0.0088)
    ( 0.303    0.410  0.0088)
    ( 0.909    0.487  0.0089)
    ( 1.515    0.564  0.0090)
    ( 2.121    0.641  0.0091)
    ( 2.727    0.717  0.0093)
    ( 3.333    0.793  0.0094)
    ( 3.939    0.868  0.0096)
    ( 4.545    0.943  0.0099)
    ( 5.152    1.017  0.0101)
    ( 5.758    1.090  0.0105)
    ( 6.364    1.163  0.0108)
    ( 6.970    1.234  0.0112)
    ( 7.576    1.305  0.0117)
    ( 8.182    1.374  0.0122)
    ( 8.788    1.441  0.0128)
    ( 9.394    1.506  0.0135)
    (10.000    1.570  0.0142)
    (10.606    1.630  0.0151)
    (11.212    1.688  0.0160)
    (11.818    1.742  0.0171)
    (12.424    1.790  0.0184)
    (13.030    1.834  0.0199)
    (13.636    1.869  0.0220)
    (14.242    1.892  0.0247)
    (14.848    1.897  0.0288)
    (15.455    1.891  0.0339)
    (16.061    1.877  0.0397)
    (16.667    1.828  0.0492)
    (17.273    1.779  0.0586)
    (17.879    1.730  0.0681)
    (18.485    1.674  0.0798)
    (19.091    1.615  0.0921)
    (19.697    1.557  0.1044)
    (20.303    1.511  0.1170)
    (20.909    1.477  0.1299)
    (21.515    1.443  0.1428)
    (22.121    1.409  0.1559)
    (22.727    1.375  0.1692)
    (23.333    1.341  0.1825)
    (23.939    1.308  0.1956)
    (24.545    1.286  0.2088)
    (25.152    1.267  0.2220)
    (25.758    1.251  0.2350)
    (26.364    1.234  0.2478)
    (26.970    1.216  0.2613)
    (27.576    1.200  0.2749)
    (28.182    1.185  0.2890)
    (28.788    1.171  0.3048)
    (29.394    1.156  0.3201)
    (30.000    1.141  0.3351)
    (33.000    1.081  0.4093)
    (36.000    1.053  0.4812)
    (39.000    1.034  0.5565)
    (42.000    1.021  0.6331)
    (45.000    1.013  0.7107)
    (48.000    0.966  0.7886)
    (51.000    0.916  0.8654)
    (54.000    0.864  0.9409)
    (57.000    0.809  1.0145)
    (60.000    0.748  1.0839)
    (63.000    0.684  1.1495)
    (66.000    0.616  1.2111)
    (69.000    0.545  1.2676)
    (72.000    0.470  1.3167)
    (75.000    0.394  1.3602)
    (78.000    0.316  1.3978)
    (81.000    0.237  1.4268)
    (84.000    0.157  1.4477)
    (87.000    0.078  1.4620)
    (90.000    0.000  1.4694)
    (93.000    -0.055  1.4620)
    (96.000    -0.110  1.4477)
    (99.000    -0.166  1.4268)
    (102.000    -0.221  1.3978)
    (105.000    -0.276  1.3602)
    (108.000    -0.329  1.3167)
    (111.000    -0.381  1.2676)
    (114.000    -0.431  1.2111)
    (117.000    -0.478  1.1495)
    (120.000    -0.524  1.0839)
    (123.000    -0.566  1.0145)
    (126.000    -0.605  0.9409)
    (129.000    -0.641  0.8654)
    (132.000    -0.676  0.7886)
    (135.000    -0.709  0.7107)
    (138.000    -0.740  0.6331)
    (141.000    -0.769  0.5565)
    (144.000    -0.799  0.4812)
    (147.000    -0.830  0.4093)
    (150.000    -0.787  0.3399)
    (153.000    -0.709  0.2753)
    (156.000    -0.630  0.2156)
    (159.000    -0.551  0.1612)
    (162.000    -0.472  0.1130)
    (165.000    -0.394  0.0713)
    (168.000    -0.315  0.0364)
    (171.000    -0.236  0.0234)
    (174.000    -0.157  0.0176)
    (177.000    -0.079  0.0141)
    (180.000    0.000  0.0127)
