// From NREL's SOWFA
//   alpha   C_l    C_d
    (-180.000    0.000  0.3308)
    (-177.000    0.018  0.3306)
    (-174.000    0.037  0.3302)
    (-171.000    0.056  0.3294)
    (-168.000    0.075  0.3304)
    (-165.000    0.093  0.3303)
    (-162.000    0.112  0.3279)
    (-159.000    0.122  0.3277)
    (-156.000    0.115  0.3329)
    (-153.000    0.107  0.3374)
    (-150.000    0.100  0.3413)
    (-147.000    0.080  0.3500)
    (-144.000    0.075  0.3529)
    (-141.000    0.069  0.3582)
    (-138.000    0.065  0.3641)
    (-135.000    0.061  0.3702)
    (-132.000    0.057  0.3764)
    (-129.000    0.053  0.3824)
    (-126.000    0.049  0.3881)
    (-123.000    0.045  0.3940)
    (-120.000    0.041  0.4005)
    (-117.000    0.037  0.4049)
    (-114.000    0.033  0.4099)
    (-111.000    0.029  0.4155)
    (-108.000    0.025  0.4195)
    (-105.000    0.020  0.4228)
    (-102.000    0.016  0.4269)
    (-99.000    0.012  0.4305)
    (-96.000    0.008  0.4318)
    (-93.000    0.004  0.4340)
    (-90.000    0.000  0.4372)
    (-87.000    -0.004  0.4340)
    (-84.000    -0.008  0.4318)
    (-81.000    -0.012  0.4305)
    (-78.000    -0.016  0.4269)
    (-75.000    -0.020  0.4228)
    (-72.000    -0.024  0.4195)
    (-69.000    -0.029  0.4155)
    (-66.000    -0.033  0.4099)
    (-63.000    -0.037  0.4049)
    (-60.000    -0.041  0.4005)
    (-57.000    -0.045  0.3940)
    (-54.000    -0.049  0.3881)
    (-51.000    -0.053  0.3824)
    (-48.000    -0.057  0.3764)
    (-45.000    -0.061  0.3702)
    (-42.000    -0.064  0.3641)
    (-39.000    -0.069  0.3582)
    (-36.000    -0.075  0.3529)
    (-33.000    -0.079  0.3500)
    (-30.000    -0.082  0.3463)
    (-29.394    -0.081  0.3475)
    (-28.788    -0.079  0.3487)
    (-28.182    -0.077  0.3496)
    (-27.576    -0.078  0.3495)
    (-26.970    -0.081  0.3486)
    (-26.364    -0.083  0.3476)
    (-25.758    -0.085  0.3466)
    (-25.152    -0.088  0.3456)
    (-24.545    -0.090  0.3446)
    (-23.939    -0.092  0.3436)
    (-23.333    -0.095  0.3425)
    (-22.727    -0.098  0.3413)
    (-22.121    -0.100  0.3402)
    (-21.515    -0.103  0.3391)
    (-20.909    -0.105  0.3379)
    (-20.303    -0.108  0.3368)
    (-19.697    -0.108  0.3359)
    (-19.091    -0.105  0.3359)
    (-18.485    -0.106  0.3353)
    (-17.879    -0.104  0.3353)
    (-17.273    -0.103  0.3349)
    (-16.667    -0.103  0.3346)
    (-16.061    -0.100  0.3346)
    (-15.455    -0.100  0.3343)
    (-14.848    -0.098  0.3341)
    (-14.242    -0.094  0.3340)
    (-13.636    -0.091  0.3339)
    (-13.030    -0.089  0.3337)
    (-12.424    -0.084  0.3337)
    (-11.818    -0.081  0.3336)
    (-11.212    -0.076  0.3336)
    (-10.606    -0.074  0.3333)
    (-10.000    -0.072  0.3332)
    (-9.394    -0.068  0.3332)
    (-8.788    -0.060  0.3332)
    (-8.182    -0.050  0.3333)
    (-7.576    -0.042  0.3334)
    (-6.970    -0.033  0.3334)
    (-6.364    -0.024  0.3335)
    (-5.758    -0.016  0.3336)
    (-5.152    -0.008  0.3336)
    (-4.545    -0.000  0.3337)
    (-3.939    -0.000  0.3338)
    (-3.333    0.005  0.3338)
    (-2.727    0.016  0.3339)
    (-2.121    0.021  0.3339)
    (-1.515    0.025  0.3339)
    (-0.909    0.029  0.3340)
    (-0.303    0.033  0.3340)
    ( 0.303    0.037  0.3340)
    ( 0.909    0.042  0.3341)
    ( 1.515    0.047  0.3341)
    ( 2.121    0.052  0.3341)
    ( 2.727    0.058  0.3341)
    ( 3.333    0.063  0.3341)
    ( 3.939    0.068  0.3341)
    ( 4.545    0.073  0.3341)
    ( 5.152    0.079  0.3342)
    ( 5.758    0.084  0.3341)
    ( 6.364    0.089  0.3342)
    ( 6.970    0.094  0.3342)
    ( 7.576    0.100  0.3341)
    ( 8.182    0.105  0.3341)
    ( 8.788    0.111  0.3341)
    ( 9.394    0.116  0.3341)
    (10.000    0.119  0.3340)
    (10.606    0.123  0.3339)
    (11.212    0.125  0.3337)
    (11.818    0.127  0.3336)
    (12.424    0.131  0.3333)
    (13.030    0.137  0.3329)
    (13.636    0.144  0.3324)
    (14.242    0.150  0.3322)
    (14.848    0.154  0.3319)
    (15.455    0.159  0.3318)
    (16.061    0.162  0.3318)
    (16.667    0.167  0.3317)
    (17.273    0.173  0.3316)
    (17.879    0.174  0.3319)
    (18.485    0.174  0.3321)
    (19.091    0.176  0.3322)
    (19.697    0.177  0.3324)
    (20.303    0.176  0.3327)
    (20.909    0.173  0.3330)
    (21.515    0.171  0.3333)
    (22.121    0.171  0.3333)
    (22.727    0.172  0.3333)
    (23.333    0.173  0.3333)
    (23.939    0.175  0.3333)
    (24.545    0.172  0.3337)
    (25.152    0.168  0.3345)
    (25.758    0.162  0.3355)
    (26.364    0.157  0.3365)
    (26.970    0.152  0.3375)
    (27.576    0.147  0.3385)
    (28.182    0.141  0.3395)
    (28.788    0.136  0.3405)
    (29.394    0.130  0.3415)
    (30.000    0.126  0.3428)
    (33.000    0.111  0.3500)
    (36.000    0.105  0.3544)
    (39.000    0.097  0.3594)
    (42.000    0.091  0.3651)
    (45.000    0.086  0.3708)
    (48.000    0.081  0.3766)
    (51.000    0.075  0.3824)
    (54.000    0.070  0.3881)
    (57.000    0.064  0.3940)
    (60.000    0.059  0.4005)
    (63.000    0.053  0.4049)
    (66.000    0.047  0.4099)
    (69.000    0.041  0.4155)
    (72.000    0.035  0.4195)
    (75.000    0.029  0.4228)
    (78.000    0.023  0.4269)
    (81.000    0.017  0.4305)
    (84.000    0.012  0.4318)
    (87.000    0.006  0.4340)
    (90.000    0.000  0.4372)
    (93.000    -0.004  0.4340)
    (96.000    -0.008  0.4318)
    (99.000    -0.012  0.4305)
    (102.000    -0.016  0.4269)
    (105.000    -0.020  0.4228)
    (108.000    -0.024  0.4195)
    (111.000    -0.029  0.4155)
    (114.000    -0.033  0.4099)
    (117.000    -0.037  0.4049)
    (120.000    -0.041  0.4005)
    (123.000    -0.045  0.3940)
    (126.000    -0.049  0.3881)
    (129.000    -0.053  0.3824)
    (132.000    -0.057  0.3764)
    (135.000    -0.061  0.3702)
    (138.000    -0.064  0.3641)
    (141.000    -0.069  0.3582)
    (144.000    -0.075  0.3529)
    (147.000    -0.079  0.3500)
    (150.000    -0.100  0.3413)
    (153.000    -0.107  0.3374)
    (156.000    -0.115  0.3329)
    (159.000    -0.122  0.3277)
    (162.000    -0.112  0.3279)
    (165.000    -0.093  0.3303)
    (168.000    -0.075  0.3304)
    (171.000    -0.056  0.3294)
    (174.000    -0.037  0.3302)
    (177.000    -0.018  0.3306)
    (180.000    0.000  0.3308)
