// From NREL's SOWFA
//   alpha   C_l    C_d
    (-180.000    0.000  0.0329)
    (-177.000    0.092  0.0341)
    (-174.000    0.184  0.0372)
    (-171.000    0.276  0.0421)
    (-168.000    0.368  0.0502)
    (-165.000    0.460  0.0721)
    (-162.000    0.552  0.1092)
    (-159.000    0.645  0.1524)
    (-156.000    0.737  0.2010)
    (-153.000    0.829  0.2541)
    (-150.000    0.922  0.3114)
    (-147.000    0.964  0.3729)
    (-144.000    0.905  0.4364)
    (-141.000    0.852  0.5029)
    (-138.000    0.802  0.5705)
    (-135.000    0.755  0.6388)
    (-132.000    0.708  0.7073)
    (-129.000    0.661  0.7749)
    (-126.000    0.613  0.8411)
    (-123.000    0.565  0.9057)
    (-120.000    0.516  0.9665)
    (-117.000    0.466  1.0239)
    (-114.000    0.415  1.0777)
    (-111.000    0.363  1.1271)
    (-108.000    0.310  1.1698)
    (-105.000    0.257  1.2074)
    (-102.000    0.204  1.2399)
    (-99.000    0.151  1.2648)
    (-96.000    0.100  1.2825)
    (-93.000    0.049  1.2943)
    (-90.000    -0.000  1.3000)
    (-87.000    -0.049  1.2943)
    (-84.000    -0.100  1.2825)
    (-81.000    -0.151  1.2648)
    (-78.000    -0.204  1.2399)
    (-75.000    -0.257  1.2074)
    (-72.000    -0.310  1.1698)
    (-69.000    -0.363  1.1271)
    (-66.000    -0.415  1.0777)
    (-63.000    -0.466  1.0239)
    (-60.000    -0.516  0.9665)
    (-57.000    -0.565  0.9057)
    (-54.000    -0.613  0.8411)
    (-51.000    -0.661  0.7749)
    (-48.000    -0.708  0.7073)
    (-45.000    -0.755  0.6388)
    (-42.000    -0.840  0.5705)
    (-39.000    -0.927  0.5029)
    (-36.000    -1.017  0.4364)
    (-33.000    -1.114  0.3729)
    (-30.000    -1.245  0.2789)
    (-29.394    -1.272  0.2570)
    (-28.788    -1.299  0.2348)
    (-28.182    -1.325  0.2126)
    (-27.576    -1.330  0.2002)
    (-26.970    -1.327  0.1919)
    (-26.364    -1.323  0.1834)
    (-25.758    -1.319  0.1749)
    (-25.152    -1.315  0.1664)
    (-24.545    -1.306  0.1580)
    (-23.939    -1.295  0.1497)
    (-23.333    -1.280  0.1430)
    (-22.727    -1.265  0.1363)
    (-22.121    -1.249  0.1296)
    (-21.515    -1.234  0.1230)
    (-20.909    -1.217  0.1164)
    (-20.303    -1.200  0.1100)
    (-19.697    -1.182  0.1039)
    (-19.091    -1.162  0.0984)
    (-18.485    -1.143  0.0929)
    (-17.879    -1.124  0.0874)
    (-17.273    -1.106  0.0824)
    (-16.667    -1.087  0.0773)
    (-16.061    -1.069  0.0723)
    (-15.455    -1.053  0.0675)
    (-14.848    -1.038  0.0627)
    (-14.242    -1.023  0.0580)
    (-13.636    -1.010  0.0535)
    (-13.030    -0.998  0.0492)
    (-12.424    -0.987  0.0449)
    (-11.818    -0.970  0.0408)
    (-11.212    -0.944  0.0374)
    (-10.606    -0.918  0.0339)
    (-10.000    -0.892  0.0304)
    (-9.394    -0.826  0.0281)
    (-8.788    -0.760  0.0258)
    (-8.182    -0.694  0.0235)
    (-7.576    -0.622  0.0218)
    (-6.970    -0.546  0.0203)
    (-6.364    -0.471  0.0188)
    (-5.758    -0.393  0.0176)
    (-5.152    -0.310  0.0167)
    (-4.545    -0.228  0.0159)
    (-3.939    -0.144  0.0151)
    (-3.333    -0.055  0.0147)
    (-2.727    0.034  0.0144)
    (-2.121    0.124  0.0140)
    (-1.515    0.213  0.0138)
    (-0.909    0.302  0.0137)
    (-0.303    0.390  0.0136)
    ( 0.303    0.477  0.0136)
    ( 0.909    0.564  0.0136)
    ( 1.515    0.649  0.0137)
    ( 2.121    0.734  0.0138)
    ( 2.727    0.818  0.0139)
    ( 3.333    0.901  0.0141)
    ( 3.939    0.983  0.0143)
    ( 4.545    1.064  0.0145)
    ( 5.152    1.145  0.0148)
    ( 5.758    1.224  0.0151)
    ( 6.364    1.302  0.0155)
    ( 6.970    1.380  0.0158)
    ( 7.576    1.455  0.0163)
    ( 8.182    1.528  0.0168)
    ( 8.788    1.600  0.0174)
    ( 9.394    1.668  0.0182)
    (10.000    1.734  0.0190)
    (10.606    1.794  0.0201)
    (11.212    1.850  0.0215)
    (11.818    1.902  0.0232)
    (12.424    1.946  0.0258)
    (13.030    1.984  0.0288)
    (13.636    2.005  0.0336)
    (14.242    2.021  0.0389)
    (14.848    2.031  0.0450)
    (15.455    2.040  0.0512)
    (16.061    2.046  0.0577)
    (16.667    2.041  0.0652)
    (17.273    2.035  0.0727)
    (17.879    2.030  0.0801)
    (18.485    2.001  0.0900)
    (19.091    1.966  0.1005)
    (19.697    1.931  0.1110)
    (20.303    1.901  0.1221)
    (20.909    1.876  0.1338)
    (21.515    1.850  0.1454)
    (22.121    1.824  0.1571)
    (22.727    1.799  0.1688)
    (23.333    1.773  0.1803)
    (23.939    1.748  0.1922)
    (24.545    1.741  0.2042)
    (25.152    1.735  0.2163)
    (25.758    1.724  0.2284)
    (26.364    1.712  0.2405)
    (26.970    1.700  0.2526)
    (27.576    1.687  0.2647)
    (28.182    1.673  0.2768)
    (28.788    1.655  0.2887)
    (29.394    1.638  0.3006)
    (30.000    1.622  0.3124)
    (33.000    1.527  0.3729)
    (36.000    1.405  0.4364)
    (39.000    1.293  0.5029)
    (42.000    1.184  0.5705)
    (45.000    1.078  0.6388)
    (48.000    1.011  0.7073)
    (51.000    0.944  0.7749)
    (54.000    0.876  0.8411)
    (57.000    0.808  0.9057)
    (60.000    0.737  0.9665)
    (63.000    0.665  1.0239)
    (66.000    0.592  1.0777)
    (69.000    0.518  1.1271)
    (72.000    0.443  1.1698)
    (75.000    0.367  1.2074)
    (78.000    0.291  1.2399)
    (81.000    0.216  1.2648)
    (84.000    0.142  1.2825)
    (87.000    0.070  1.2943)
    (90.000    0.000  1.3000)
    (93.000    -0.049  1.2943)
    (96.000    -0.100  1.2825)
    (99.000    -0.151  1.2648)
    (102.000    -0.204  1.2399)
    (105.000    -0.257  1.2074)
    (108.000    -0.310  1.1698)
    (111.000    -0.363  1.1271)
    (114.000    -0.415  1.0777)
    (117.000    -0.466  1.0239)
    (120.000    -0.516  0.9665)
    (123.000    -0.565  0.9057)
    (126.000    -0.613  0.8411)
    (129.000    -0.661  0.7749)
    (132.000    -0.708  0.7073)
    (135.000    -0.755  0.6388)
    (138.000    -0.802  0.5705)
    (141.000    -0.852  0.5029)
    (144.000    -0.905  0.4364)
    (147.000    -0.964  0.3729)
    (150.000    -0.922  0.3114)
    (153.000    -0.829  0.2541)
    (156.000    -0.737  0.2010)
    (159.000    -0.645  0.1524)
    (162.000    -0.552  0.1092)
    (165.000    -0.460  0.0721)
    (168.000    -0.368  0.0502)
    (171.000    -0.276  0.0421)
    (174.000    -0.184  0.0372)
    (177.000    -0.092  0.0341)
    (180.000    0.000  0.0329)
