// From NREL's SOWFA
//   alpha   C_l    C_d
    (-180.000    0.000  0.0915)
    (-177.000    0.131  0.0913)
    (-174.000    0.264  0.0910)
    (-171.000    0.397  0.0905)
    (-168.000    0.530  0.0990)
    (-165.000    0.662  0.1107)
    (-162.000    0.795  0.1198)
    (-159.000    0.892  0.1437)
    (-156.000    0.916  0.1934)
    (-153.000    0.941  0.2430)
    (-150.000    0.966  0.2927)
    (-147.000    0.898  0.3537)
    (-144.000    0.842  0.4126)
    (-141.000    0.786  0.4726)
    (-138.000    0.738  0.5360)
    (-135.000    0.694  0.6009)
    (-132.000    0.649  0.6660)
    (-129.000    0.604  0.7300)
    (-126.000    0.560  0.7917)
    (-123.000    0.515  0.8538)
    (-120.000    0.471  0.9164)
    (-117.000    0.424  0.9676)
    (-114.000    0.376  1.0194)
    (-111.000    0.329  1.0718)
    (-108.000    0.282  1.1128)
    (-105.000    0.233  1.1484)
    (-102.000    0.185  1.1848)
    (-99.000    0.138  1.2146)
    (-96.000    0.092  1.2300)
    (-93.000    0.046  1.2464)
    (-90.000    -0.000  1.2638)
    (-87.000    -0.046  1.2464)
    (-84.000    -0.092  1.2300)
    (-81.000    -0.138  1.2146)
    (-78.000    -0.185  1.1848)
    (-75.000    -0.233  1.1484)
    (-72.000    -0.282  1.1129)
    (-69.000    -0.329  1.0718)
    (-66.000    -0.376  1.0194)
    (-63.000    -0.423  0.9676)
    (-60.000    -0.471  0.9163)
    (-57.000    -0.515  0.8538)
    (-54.000    -0.560  0.7917)
    (-51.000    -0.604  0.7300)
    (-48.000    -0.649  0.6660)
    (-45.000    -0.694  0.6009)
    (-42.000    -0.775  0.5360)
    (-39.000    -0.861  0.4726)
    (-36.000    -0.955  0.4126)
    (-33.000    -1.048  0.3537)
    (-30.000    -1.138  0.2945)
    (-29.394    -1.148  0.2869)
    (-28.788    -1.158  0.2791)
    (-28.182    -1.167  0.2712)
    (-27.576    -1.179  0.2629)
    (-26.970    -1.192  0.2545)
    (-26.364    -1.205  0.2461)
    (-25.758    -1.218  0.2376)
    (-25.152    -1.231  0.2291)
    (-24.545    -1.238  0.2206)
    (-23.939    -1.244  0.2120)
    (-23.333    -1.250  0.2034)
    (-22.727    -1.256  0.1948)
    (-22.121    -1.263  0.1861)
    (-21.515    -1.267  0.1774)
    (-20.909    -1.271  0.1687)
    (-20.303    -1.275  0.1600)
    (-19.697    -1.271  0.1527)
    (-19.091    -1.249  0.1498)
    (-18.485    -1.248  0.1445)
    (-17.879    -1.229  0.1413)
    (-17.273    -1.202  0.1371)
    (-16.667    -1.171  0.1329)
    (-16.061    -1.131  0.1300)
    (-15.455    -1.099  0.1261)
    (-14.848    -1.064  0.1226)
    (-14.242    -1.025  0.1197)
    (-13.636    -0.987  0.1167)
    (-13.030    -0.953  0.1134)
    (-12.424    -0.910  0.1111)
    (-11.818    -0.872  0.1083)
    (-11.212    -0.829  0.1060)
    (-10.606    -0.794  0.1030)
    (-10.000    -0.760  0.1005)
    (-9.394    -0.704  0.0989)
    (-8.788    -0.641  0.0974)
    (-8.182    -0.569  0.0961)
    (-7.576    -0.495  0.0954)
    (-6.970    -0.420  0.0947)
    (-6.364    -0.343  0.0940)
    (-5.758    -0.267  0.0937)
    (-5.152    -0.190  0.0933)
    (-4.545    -0.115  0.0930)
    (-3.939    -0.042  0.0928)
    (-3.333    0.029  0.0927)
    (-2.727    0.100  0.0927)
    (-2.121    0.171  0.0927)
    (-1.515    0.242  0.0927)
    (-0.909    0.311  0.0928)
    (-0.303    0.378  0.0928)
    ( 0.303    0.448  0.0929)
    ( 0.909    0.519  0.0930)
    ( 1.515    0.591  0.0931)
    ( 2.121    0.662  0.0932)
    ( 2.727    0.733  0.0934)
    ( 3.333    0.803  0.0936)
    ( 3.939    0.873  0.0937)
    ( 4.545    0.942  0.0939)
    ( 5.152    1.011  0.0942)
    ( 5.758    1.080  0.0943)
    ( 6.364    1.148  0.0947)
    ( 6.970    1.215  0.0949)
    ( 7.576    1.282  0.0952)
    ( 8.182    1.348  0.0956)
    ( 8.788    1.413  0.0959)
    ( 9.394    1.474  0.0963)
    (10.000    1.531  0.0967)
    (10.606    1.586  0.0972)
    (11.212    1.632  0.0978)
    (11.818    1.674  0.0988)
    (12.424    1.718  0.0999)
    (13.030    1.763  0.1011)
    (13.636    1.808  0.1026)
    (14.242    1.847  0.1050)
    (14.848    1.887  0.1075)
    (15.455    1.924  0.1105)
    (16.061    1.954  0.1146)
    (16.667    1.980  0.1196)
    (17.273    2.005  0.1244)
    (17.879    1.988  0.1312)
    (18.485    1.965  0.1383)
    (19.091    1.947  0.1449)
    (19.697    1.927  0.1518)
    (20.303    1.905  0.1592)
    (20.909    1.883  0.1667)
    (21.515    1.865  0.1737)
    (22.121    1.853  0.1799)
    (22.727    1.845  0.1858)
    (23.333    1.839  0.1921)
    (23.939    1.833  0.1983)
    (24.545    1.820  0.2061)
    (25.152    1.797  0.2159)
    (25.758    1.767  0.2264)
    (26.364    1.735  0.2371)
    (26.970    1.705  0.2476)
    (27.576    1.674  0.2581)
    (28.182    1.641  0.2687)
    (28.788    1.606  0.2792)
    (29.394    1.571  0.2898)
    (30.000    1.543  0.3015)
    (33.000    1.421  0.3607)
    (36.000    1.307  0.4190)
    (39.000    1.191  0.4778)
    (42.000    1.087  0.5401)
    (45.000    0.988  0.6036)
    (48.000    0.926  0.6670)
    (51.000    0.863  0.7300)
    (54.000    0.800  0.7917)
    (57.000    0.736  0.8538)
    (60.000    0.673  0.9163)
    (63.000    0.605  0.9676)
    (66.000    0.538  1.0194)
    (69.000    0.471  1.0718)
    (72.000    0.402  1.1129)
    (75.000    0.333  1.1484)
    (78.000    0.264  1.1848)
    (81.000    0.197  1.2146)
    (84.000    0.131  1.2300)
    (87.000    0.066  1.2464)
    (90.000    0.000  1.2638)
    (93.000    -0.046  1.2464)
    (96.000    -0.092  1.2300)
    (99.000    -0.138  1.2146)
    (102.000    -0.185  1.1848)
    (105.000    -0.233  1.1484)
    (108.000    -0.282  1.1128)
    (111.000    -0.329  1.0718)
    (114.000    -0.376  1.0194)
    (117.000    -0.423  0.9676)
    (120.000    -0.471  0.9164)
    (123.000    -0.515  0.8538)
    (126.000    -0.560  0.7917)
    (129.000    -0.604  0.7300)
    (132.000    -0.649  0.6660)
    (135.000    -0.694  0.6009)
    (138.000    -0.738  0.5360)
    (141.000    -0.786  0.4726)
    (144.000    -0.842  0.4126)
    (147.000    -0.898  0.3537)
    (150.000    -0.966  0.2927)
    (153.000    -0.941  0.2430)
    (156.000    -0.916  0.1934)
    (159.000    -0.892  0.1437)
    (162.000    -0.795  0.1198)
    (165.000    -0.662  0.1107)
    (168.000    -0.530  0.0990)
    (171.000    -0.397  0.0905)
    (174.000    -0.264  0.0910)
    (177.000    -0.131  0.0913)
    (180.000    0.000  0.0915)
