// From NREL's SOWFA
//   alpha   C_l    C_d
    (-180.000    0.000  0.0318)
    (-177.000    0.091  0.0330)
    (-174.000    0.183  0.0361)
    (-171.000    0.274  0.0410)
    (-168.000    0.366  0.0492)
    (-165.000    0.457  0.0719)
    (-162.000    0.549  0.1089)
    (-159.000    0.640  0.1521)
    (-156.000    0.732  0.2006)
    (-153.000    0.823  0.2537)
    (-150.000    0.914  0.3111)
    (-147.000    0.956  0.3725)
    (-144.000    0.898  0.4361)
    (-141.000    0.846  0.5026)
    (-138.000    0.797  0.5702)
    (-135.000    0.750  0.6385)
    (-132.000    0.704  0.7070)
    (-129.000    0.658  0.7746)
    (-126.000    0.611  0.8409)
    (-123.000    0.563  0.9055)
    (-120.000    0.514  0.9663)
    (-117.000    0.464  1.0237)
    (-114.000    0.414  1.0776)
    (-111.000    0.362  1.1269)
    (-108.000    0.309  1.1696)
    (-105.000    0.256  1.2073)
    (-102.000    0.204  1.2399)
    (-99.000    0.151  1.2647)
    (-96.000    0.099  1.2825)
    (-93.000    0.049  1.2942)
    (-90.000    -0.000  1.3000)
    (-87.000    -0.049  1.2942)
    (-84.000    -0.099  1.2825)
    (-81.000    -0.151  1.2647)
    (-78.000    -0.204  1.2399)
    (-75.000    -0.256  1.2073)
    (-72.000    -0.309  1.1696)
    (-69.000    -0.362  1.1269)
    (-66.000    -0.414  1.0776)
    (-63.000    -0.464  1.0237)
    (-60.000    -0.514  0.9663)
    (-57.000    -0.563  0.9055)
    (-54.000    -0.611  0.8409)
    (-51.000    -0.658  0.7746)
    (-48.000    -0.704  0.7070)
    (-45.000    -0.750  0.6385)
    (-42.000    -0.835  0.5702)
    (-39.000    -0.921  0.5026)
    (-36.000    -1.010  0.4361)
    (-33.000    -1.089  0.3725)
    (-30.000    -1.209  0.2789)
    (-29.394    -1.237  0.2570)
    (-28.788    -1.265  0.2350)
    (-28.182    -1.292  0.2130)
    (-27.576    -1.299  0.2005)
    (-26.970    -1.297  0.1919)
    (-26.364    -1.294  0.1834)
    (-25.758    -1.291  0.1748)
    (-25.152    -1.287  0.1663)
    (-24.545    -1.281  0.1577)
    (-23.939    -1.272  0.1493)
    (-23.333    -1.259  0.1427)
    (-22.727    -1.245  0.1360)
    (-22.121    -1.232  0.1293)
    (-21.515    -1.219  0.1227)
    (-20.909    -1.205  0.1160)
    (-20.303    -1.191  0.1094)
    (-19.697    -1.176  0.1032)
    (-19.091    -1.160  0.0976)
    (-18.485    -1.143  0.0920)
    (-17.879    -1.127  0.0864)
    (-17.273    -1.111  0.0813)
    (-16.667    -1.095  0.0763)
    (-16.061    -1.079  0.0712)
    (-15.455    -1.066  0.0664)
    (-14.848    -1.053  0.0616)
    (-14.242    -1.041  0.0568)
    (-13.636    -1.030  0.0523)
    (-13.030    -1.020  0.0480)
    (-12.424    -1.011  0.0437)
    (-11.818    -0.995  0.0396)
    (-11.212    -0.965  0.0362)
    (-10.606    -0.934  0.0328)
    (-10.000    -0.904  0.0294)
    (-9.394    -0.836  0.0272)
    (-8.788    -0.768  0.0250)
    (-8.182    -0.700  0.0228)
    (-7.576    -0.627  0.0211)
    (-6.970    -0.552  0.0197)
    (-6.364    -0.478  0.0183)
    (-5.758    -0.400  0.0171)
    (-5.152    -0.316  0.0163)
    (-4.545    -0.233  0.0155)
    (-3.939    -0.149  0.0147)
    (-3.333    -0.060  0.0144)
    (-2.727    0.029  0.0141)
    (-2.121    0.117  0.0137)
    (-1.515    0.206  0.0135)
    (-0.909    0.294  0.0134)
    (-0.303    0.381  0.0134)
    ( 0.303    0.468  0.0133)
    ( 0.909    0.554  0.0134)
    ( 1.515    0.639  0.0134)
    ( 2.121    0.723  0.0135)
    ( 2.727    0.806  0.0136)
    ( 3.333    0.889  0.0138)
    ( 3.939    0.971  0.0140)
    ( 4.545    1.051  0.0142)
    ( 5.152    1.131  0.0145)
    ( 5.758    1.210  0.0148)
    ( 6.364    1.288  0.0151)
    ( 6.970    1.366  0.0155)
    ( 7.576    1.441  0.0160)
    ( 8.182    1.515  0.0165)
    ( 8.788    1.586  0.0170)
    ( 9.394    1.655  0.0177)
    (10.000    1.723  0.0185)
    (10.606    1.785  0.0195)
    (11.212    1.844  0.0207)
    (11.818    1.897  0.0222)
    (12.424    1.942  0.0245)
    (13.030    1.982  0.0271)
    (13.636    2.004  0.0314)
    (14.242    2.021  0.0364)
    (14.848    2.031  0.0422)
    (15.455    2.039  0.0483)
    (16.061    2.046  0.0546)
    (16.667    2.042  0.0617)
    (17.273    2.039  0.0689)
    (17.879    2.035  0.0760)
    (18.485    2.005  0.0858)
    (19.091    1.967  0.0963)
    (19.697    1.930  0.1067)
    (20.303    1.896  0.1180)
    (20.909    1.866  0.1299)
    (21.515    1.836  0.1419)
    (22.121    1.807  0.1539)
    (22.727    1.777  0.1659)
    (23.333    1.747  0.1778)
    (23.939    1.717  0.1899)
    (24.545    1.707  0.2021)
    (25.152    1.699  0.2144)
    (25.758    1.686  0.2266)
    (26.364    1.673  0.2389)
    (26.970    1.659  0.2512)
    (27.576    1.645  0.2634)
    (28.182    1.632  0.2756)
    (28.788    1.620  0.2876)
    (29.394    1.607  0.2996)
    (30.000    1.594  0.3117)
    (33.000    1.516  0.3725)
    (36.000    1.395  0.4361)
    (39.000    1.284  0.5026)
    (42.000    1.177  0.5702)
    (45.000    1.072  0.6385)
    (48.000    1.006  0.7070)
    (51.000    0.939  0.7746)
    (54.000    0.873  0.8409)
    (57.000    0.805  0.9055)
    (60.000    0.735  0.9663)
    (63.000    0.663  1.0237)
    (66.000    0.591  1.0776)
    (69.000    0.517  1.1269)
    (72.000    0.442  1.1696)
    (75.000    0.366  1.2073)
    (78.000    0.291  1.2399)
    (81.000    0.216  1.2647)
    (84.000    0.142  1.2825)
    (87.000    0.070  1.2942)
    (90.000    0.000  1.3000)
    (93.000    -0.049  1.2942)
    (96.000    -0.099  1.2825)
    (99.000    -0.151  1.2647)
    (102.000    -0.204  1.2399)
    (105.000    -0.256  1.2073)
    (108.000    -0.309  1.1696)
    (111.000    -0.362  1.1269)
    (114.000    -0.414  1.0776)
    (117.000    -0.464  1.0237)
    (120.000    -0.514  0.9663)
    (123.000    -0.563  0.9055)
    (126.000    -0.611  0.8409)
    (129.000    -0.658  0.7746)
    (132.000    -0.704  0.7070)
    (135.000    -0.750  0.6385)
    (138.000    -0.797  0.5702)
    (141.000    -0.846  0.5026)
    (144.000    -0.898  0.4361)
    (147.000    -0.956  0.3725)
    (150.000    -0.914  0.3111)
    (153.000    -0.823  0.2537)
    (156.000    -0.732  0.2006)
    (159.000    -0.640  0.1521)
    (162.000    -0.549  0.1089)
    (165.000    -0.457  0.0719)
    (168.000    -0.366  0.0492)
    (171.000    -0.274  0.0410)
    (174.000    -0.183  0.0361)
    (177.000    -0.091  0.0330)
    (180.000    0.000  0.0318)
