// From NREL's SOWFA
//   alpha   C_l    C_d
    (-180.000    0.000  0.0738)
    (-177.000    0.128  0.0740)
    (-174.000    0.258  0.0746)
    (-171.000    0.388  0.0756)
    (-168.000    0.518  0.0839)
    (-165.000    0.647  0.0983)
    (-162.000    0.776  0.1168)
    (-159.000    0.873  0.1445)
    (-156.000    0.905  0.1942)
    (-153.000    0.936  0.2443)
    (-150.000    0.966  0.2948)
    (-147.000    0.931  0.3564)
    (-144.000    0.873  0.4202)
    (-141.000    0.817  0.4833)
    (-138.000    0.768  0.5487)
    (-135.000    0.721  0.6154)
    (-132.000    0.675  0.6820)
    (-129.000    0.629  0.7475)
    (-126.000    0.583  0.8111)
    (-123.000    0.536  0.8743)
    (-120.000    0.490  0.9366)
    (-117.000    0.441  0.9901)
    (-114.000    0.392  1.0427)
    (-111.000    0.343  1.0943)
    (-108.000    0.293  1.1360)
    (-105.000    0.243  1.1723)
    (-102.000    0.192  1.2074)
    (-99.000    0.143  1.2354)
    (-96.000    0.095  1.2517)
    (-93.000    0.047  1.2663)
    (-90.000    -0.000  1.2793)
    (-87.000    -0.047  1.2663)
    (-84.000    -0.095  1.2517)
    (-81.000    -0.143  1.2354)
    (-78.000    -0.192  1.2074)
    (-75.000    -0.243  1.1723)
    (-72.000    -0.293  1.1360)
    (-69.000    -0.343  1.0943)
    (-66.000    -0.392  1.0427)
    (-63.000    -0.441  0.9901)
    (-60.000    -0.490  0.9365)
    (-57.000    -0.536  0.8743)
    (-54.000    -0.583  0.8111)
    (-51.000    -0.629  0.7475)
    (-48.000    -0.675  0.6820)
    (-45.000    -0.721  0.6154)
    (-42.000    -0.805  0.5487)
    (-39.000    -0.892  0.4833)
    (-36.000    -0.986  0.4202)
    (-33.000    -1.081  0.3564)
    (-30.000    -1.178  0.2898)
    (-29.394    -1.191  0.2786)
    (-28.788    -1.204  0.2677)
    (-28.182    -1.217  0.2570)
    (-27.576    -1.227  0.2476)
    (-26.970    -1.235  0.2388)
    (-26.364    -1.244  0.2302)
    (-25.758    -1.252  0.2217)
    (-25.152    -1.261  0.2131)
    (-24.545    -1.264  0.2045)
    (-23.939    -1.265  0.1960)
    (-23.333    -1.266  0.1875)
    (-22.727    -1.266  0.1790)
    (-22.121    -1.266  0.1705)
    (-21.515    -1.268  0.1620)
    (-20.909    -1.270  0.1536)
    (-20.303    -1.273  0.1452)
    (-19.697    -1.268  0.1381)
    (-19.091    -1.247  0.1346)
    (-18.485    -1.244  0.1293)
    (-17.879    -1.226  0.1256)
    (-17.273    -1.199  0.1211)
    (-16.667    -1.170  0.1166)
    (-16.061    -1.133  0.1131)
    (-15.455    -1.103  0.1090)
    (-14.848    -1.071  0.1051)
    (-14.242    -1.034  0.1018)
    (-13.636    -0.999  0.0984)
    (-13.030    -0.967  0.0948)
    (-12.424    -0.927  0.0919)
    (-11.818    -0.892  0.0887)
    (-11.212    -0.855  0.0860)
    (-10.606    -0.823  0.0828)
    (-10.000    -0.793  0.0799)
    (-9.394    -0.737  0.0779)
    (-8.788    -0.675  0.0760)
    (-8.182    -0.606  0.0743)
    (-7.576    -0.531  0.0732)
    (-6.970    -0.453  0.0722)
    (-6.364    -0.373  0.0712)
    (-5.758    -0.294  0.0706)
    (-5.152    -0.213  0.0700)
    (-4.545    -0.133  0.0694)
    (-3.939    -0.053  0.0690)
    (-3.333    0.026  0.0688)
    (-2.727    0.100  0.0687)
    (-2.121    0.174  0.0686)
    (-1.515    0.247  0.0684)
    (-0.909    0.322  0.0685)
    (-0.303    0.398  0.0685)
    ( 0.303    0.475  0.0685)
    ( 0.909    0.552  0.0686)
    ( 1.515    0.630  0.0687)
    ( 2.121    0.706  0.0688)
    ( 2.727    0.783  0.0690)
    ( 3.333    0.858  0.0692)
    ( 3.939    0.934  0.0694)
    ( 4.545    1.008  0.0696)
    ( 5.152    1.082  0.0699)
    ( 5.758    1.156  0.0701)
    ( 6.364    1.228  0.0705)
    ( 6.970    1.300  0.0708)
    ( 7.576    1.370  0.0712)
    ( 8.182    1.439  0.0717)
    ( 8.788    1.507  0.0722)
    ( 9.394    1.571  0.0728)
    (10.000    1.631  0.0735)
    (10.606    1.687  0.0744)
    (11.212    1.735  0.0756)
    (11.818    1.774  0.0774)
    (12.424    1.813  0.0796)
    (13.030    1.852  0.0819)
    (13.636    1.887  0.0848)
    (14.242    1.919  0.0884)
    (14.848    1.953  0.0918)
    (15.455    1.982  0.0959)
    (16.061    2.005  0.1009)
    (16.667    2.018  0.1073)
    (17.273    2.016  0.1135)
    (17.879    1.991  0.1212)
    (18.485    1.966  0.1294)
    (19.091    1.945  0.1374)
    (19.697    1.923  0.1457)
    (20.303    1.900  0.1542)
    (20.909    1.878  0.1627)
    (21.515    1.860  0.1709)
    (22.121    1.847  0.1786)
    (22.727    1.839  0.1857)
    (23.333    1.831  0.1925)
    (23.939    1.824  0.1992)
    (24.545    1.812  0.2073)
    (25.152    1.791  0.2172)
    (25.758    1.762  0.2278)
    (26.364    1.733  0.2385)
    (26.970    1.704  0.2491)
    (27.576    1.675  0.2596)
    (28.182    1.648  0.2702)
    (28.788    1.624  0.2808)
    (29.394    1.600  0.2915)
    (30.000    1.578  0.3031)
    (33.000    1.473  0.3635)
    (36.000    1.354  0.4254)
    (39.000    1.238  0.4872)
    (42.000    1.131  0.5517)
    (45.000    1.029  0.6172)
    (48.000    0.964  0.6827)
    (51.000    0.899  0.7475)
    (54.000    0.833  0.8111)
    (57.000    0.766  0.8743)
    (60.000    0.700  0.9365)
    (63.000    0.630  0.9901)
    (66.000    0.560  1.0427)
    (69.000    0.490  1.0943)
    (72.000    0.419  1.1360)
    (75.000    0.347  1.1723)
    (78.000    0.275  1.2074)
    (81.000    0.204  1.2354)
    (84.000    0.136  1.2517)
    (87.000    0.068  1.2663)
    (90.000    0.000  1.2793)
    (93.000    -0.047  1.2663)
    (96.000    -0.095  1.2517)
    (99.000    -0.143  1.2354)
    (102.000    -0.192  1.2074)
    (105.000    -0.243  1.1723)
    (108.000    -0.293  1.1360)
    (111.000    -0.343  1.0943)
    (114.000    -0.392  1.0427)
    (117.000    -0.441  0.9901)
    (120.000    -0.490  0.9366)
    (123.000    -0.536  0.8743)
    (126.000    -0.583  0.8111)
    (129.000    -0.629  0.7475)
    (132.000    -0.675  0.6820)
    (135.000    -0.721  0.6154)
    (138.000    -0.768  0.5487)
    (141.000    -0.817  0.4833)
    (144.000    -0.873  0.4202)
    (147.000    -0.931  0.3564)
    (150.000    -0.966  0.2948)
    (153.000    -0.936  0.2443)
    (156.000    -0.905  0.1942)
    (159.000    -0.873  0.1445)
    (162.000    -0.776  0.1168)
    (165.000    -0.647  0.0983)
    (168.000    -0.517  0.0839)
    (171.000    -0.388  0.0756)
    (174.000    -0.258  0.0746)
    (177.000    -0.128  0.0740)
    (180.000    0.000  0.0738)
