// From NREL's SOWFA
//   alpha   C_l    C_d
    (-180.000    0.000  0.0217)
    (-177.000    0.084  0.0229)
    (-174.000    0.168  0.0261)
    (-171.000    0.253  0.0312)
    (-168.000    0.337  0.0427)
    (-165.000    0.421  0.0735)
    (-162.000    0.505  0.1112)
    (-159.000    0.589  0.1550)
    (-156.000    0.673  0.2041)
    (-153.000    0.758  0.2578)
    (-150.000    0.842  0.3158)
    (-147.000    0.882  0.3779)
    (-144.000    0.836  0.4422)
    (-141.000    0.795  0.5094)
    (-138.000    0.755  0.5777)
    (-135.000    0.715  0.6467)
    (-132.000    0.676  0.7160)
    (-129.000    0.635  0.7843)
    (-126.000    0.592  0.8512)
    (-123.000    0.549  0.9165)
    (-120.000    0.503  0.9780)
    (-117.000    0.456  1.0360)
    (-114.000    0.407  1.0904)
    (-111.000    0.358  1.1402)
    (-108.000    0.307  1.1833)
    (-105.000    0.255  1.2214)
    (-102.000    0.203  1.2542)
    (-99.000    0.151  1.2793)
    (-96.000    0.100  1.2972)
    (-93.000    0.049  1.3090)
    (-90.000    -0.000  1.3148)
    (-87.000    -0.049  1.3090)
    (-84.000    -0.100  1.2972)
    (-81.000    -0.151  1.2793)
    (-78.000    -0.203  1.2542)
    (-75.000    -0.255  1.2214)
    (-72.000    -0.307  1.1833)
    (-69.000    -0.358  1.1402)
    (-66.000    -0.407  1.0904)
    (-63.000    -0.456  1.0360)
    (-60.000    -0.503  0.9780)
    (-57.000    -0.549  0.9165)
    (-54.000    -0.592  0.8512)
    (-51.000    -0.635  0.7843)
    (-48.000    -0.676  0.7160)
    (-45.000    -0.715  0.6467)
    (-42.000    -0.747  0.5777)
    (-39.000    -0.781  0.5094)
    (-36.000    -0.818  0.4422)
    (-33.000    -0.862  0.3779)
    (-30.000    -0.977  0.2879)
    (-29.394    -1.008  0.2669)
    (-28.788    -1.039  0.2457)
    (-28.182    -1.071  0.2243)
    (-27.576    -1.080  0.2115)
    (-26.970    -1.079  0.2024)
    (-26.364    -1.078  0.1934)
    (-25.758    -1.078  0.1842)
    (-25.152    -1.077  0.1751)
    (-24.545    -1.078  0.1660)
    (-23.939    -1.079  0.1569)
    (-23.333    -1.080  0.1489)
    (-22.727    -1.083  0.1408)
    (-22.121    -1.086  0.1326)
    (-21.515    -1.090  0.1244)
    (-20.909    -1.092  0.1162)
    (-20.303    -1.094  0.1082)
    (-19.697    -1.095  0.1010)
    (-19.091    -1.096  0.0945)
    (-18.485    -1.097  0.0881)
    (-17.879    -1.098  0.0818)
    (-17.273    -1.096  0.0762)
    (-16.667    -1.095  0.0706)
    (-16.061    -1.093  0.0650)
    (-15.455    -1.096  0.0597)
    (-14.848    -1.100  0.0545)
    (-14.242    -1.104  0.0493)
    (-13.636    -1.104  0.0445)
    (-13.030    -1.101  0.0398)
    (-12.424    -1.097  0.0352)
    (-11.818    -1.078  0.0310)
    (-11.212    -1.025  0.0280)
    (-10.606    -0.973  0.0250)
    (-10.000    -0.920  0.0221)
    (-9.394    -0.852  0.0205)
    (-8.788    -0.783  0.0189)
    (-8.182    -0.715  0.0173)
    (-7.576    -0.642  0.0161)
    (-6.970    -0.569  0.0151)
    (-6.364    -0.496  0.0141)
    (-5.758    -0.418  0.0132)
    (-5.152    -0.335  0.0127)
    (-4.545    -0.251  0.0122)
    (-3.939    -0.167  0.0117)
    (-3.333    -0.082  0.0115)
    (-2.727    0.003  0.0113)
    (-2.121    0.088  0.0111)
    (-1.515    0.172  0.0110)
    (-0.909    0.254  0.0109)
    (-0.303    0.336  0.0109)
    ( 0.303    0.417  0.0109)
    ( 0.909    0.498  0.0109)
    ( 1.515    0.579  0.0110)
    ( 2.121    0.659  0.0111)
    ( 2.727    0.738  0.0112)
    ( 3.333    0.817  0.0114)
    ( 3.939    0.895  0.0115)
    ( 4.545    0.972  0.0117)
    ( 5.152    1.049  0.0120)
    ( 5.758    1.125  0.0123)
    ( 6.364    1.200  0.0126)
    ( 6.970    1.275  0.0129)
    ( 7.576    1.348  0.0133)
    ( 8.182    1.420  0.0137)
    ( 8.788    1.490  0.0142)
    ( 9.394    1.559  0.0148)
    (10.000    1.626  0.0154)
    (10.606    1.688  0.0162)
    (11.212    1.748  0.0171)
    (11.818    1.805  0.0182)
    (12.424    1.855  0.0197)
    (13.030    1.902  0.0213)
    (13.636    1.938  0.0236)
    (14.242    1.964  0.0267)
    (14.848    1.973  0.0312)
    (15.455    1.970  0.0366)
    (16.061    1.960  0.0426)
    (16.667    1.926  0.0510)
    (17.273    1.893  0.0593)
    (17.879    1.860  0.0676)
    (18.485    1.807  0.0787)
    (19.091    1.750  0.0905)
    (19.697    1.693  0.1023)
    (20.303    1.646  0.1147)
    (20.909    1.607  0.1278)
    (21.515    1.569  0.1408)
    (22.121    1.531  0.1539)
    (22.727    1.493  0.1669)
    (23.333    1.455  0.1800)
    (23.939    1.417  0.1933)
    (24.545    1.400  0.2058)
    (25.152    1.385  0.2181)
    (25.758    1.372  0.2305)
    (26.364    1.358  0.2428)
    (26.970    1.347  0.2550)
    (27.576    1.334  0.2672)
    (28.182    1.322  0.2795)
    (28.788    1.312  0.2917)
    (29.394    1.301  0.3039)
    (30.000    1.291  0.3162)
    (33.000    1.237  0.3779)
    (36.000    1.175  0.4422)
    (39.000    1.121  0.5094)
    (42.000    1.070  0.5777)
    (45.000    1.022  0.6467)
    (48.000    0.966  0.7160)
    (51.000    0.907  0.7843)
    (54.000    0.846  0.8512)
    (57.000    0.784  0.9165)
    (60.000    0.718  0.9780)
    (63.000    0.651  1.0360)
    (66.000    0.582  1.0904)
    (69.000    0.511  1.1402)
    (72.000    0.438  1.1833)
    (75.000    0.364  1.2214)
    (78.000    0.290  1.2542)
    (81.000    0.216  1.2793)
    (84.000    0.143  1.2972)
    (87.000    0.071  1.3090)
    (90.000    0.000  1.3148)
    (93.000    -0.049  1.3090)
    (96.000    -0.100  1.2972)
    (99.000    -0.151  1.2793)
    (102.000    -0.203  1.2542)
    (105.000    -0.255  1.2214)
    (108.000    -0.307  1.1833)
    (111.000    -0.358  1.1402)
    (114.000    -0.407  1.0904)
    (117.000    -0.456  1.0360)
    (120.000    -0.503  0.9780)
    (123.000    -0.549  0.9165)
    (126.000    -0.592  0.8512)
    (129.000    -0.635  0.7843)
    (132.000    -0.676  0.7160)
    (135.000    -0.715  0.6467)
    (138.000    -0.755  0.5777)
    (141.000    -0.795  0.5094)
    (144.000    -0.836  0.4422)
    (147.000    -0.882  0.3779)
    (150.000    -0.842  0.3158)
    (153.000    -0.758  0.2578)
    (156.000    -0.673  0.2041)
    (159.000    -0.589  0.1550)
    (162.000    -0.505  0.1112)
    (165.000    -0.421  0.0735)
    (168.000    -0.337  0.0427)
    (171.000    -0.253  0.0312)
    (174.000    -0.168  0.0261)
    (177.000    -0.084  0.0229)
    (180.000    0.000  0.0217)
