// From NREL's SOWFA
//   alpha   C_l    C_d
    (-180.000    0.000  0.2272)
    (-177.000    0.095  0.2264)
    (-174.000    0.191  0.2243)
    (-171.000    0.287  0.2208)
    (-168.000    0.383  0.2263)
    (-165.000    0.478  0.2277)
    (-162.000    0.574  0.2156)
    (-159.000    0.634  0.2202)
    (-156.000    0.621  0.2508)
    (-153.000    0.608  0.2796)
    (-150.000    0.596  0.3067)
    (-147.000    0.487  0.3505)
    (-144.000    0.458  0.3728)
    (-141.000    0.423  0.4045)
    (-138.000    0.397  0.4396)
    (-135.000    0.373  0.4766)
    (-132.000    0.349  0.5135)
    (-129.000    0.324  0.5499)
    (-126.000    0.300  0.5844)
    (-123.000    0.276  0.6203)
    (-120.000    0.253  0.6592)
    (-117.000    0.227  0.6864)
    (-114.000    0.201  0.7164)
    (-111.000    0.177  0.7502)
    (-108.000    0.151  0.7740)
    (-105.000    0.125  0.7943)
    (-102.000    0.099  0.8189)
    (-99.000    0.074  0.8403)
    (-96.000    0.051  0.8482)
    (-93.000    0.026  0.8613)
    (-90.000    0.000  0.8798)
    (-87.000    -0.026  0.8613)
    (-84.000    -0.050  0.8482)
    (-81.000    -0.074  0.8403)
    (-78.000    -0.099  0.8189)
    (-75.000    -0.125  0.7943)
    (-72.000    -0.151  0.7740)
    (-69.000    -0.176  0.7502)
    (-66.000    -0.201  0.7164)
    (-63.000    -0.227  0.6864)
    (-60.000    -0.253  0.6592)
    (-57.000    -0.276  0.6203)
    (-54.000    -0.300  0.5844)
    (-51.000    -0.324  0.5499)
    (-48.000    -0.349  0.5135)
    (-45.000    -0.373  0.4766)
    (-42.000    -0.397  0.4397)
    (-39.000    -0.423  0.4045)
    (-36.000    -0.458  0.3728)
    (-33.000    -0.487  0.3505)
    (-30.000    -0.506  0.3254)
    (-29.394    -0.498  0.3287)
    (-28.788    -0.491  0.3314)
    (-28.182    -0.484  0.3331)
    (-27.576    -0.490  0.3310)
    (-26.970    -0.501  0.3260)
    (-26.364    -0.513  0.3210)
    (-25.758    -0.525  0.3158)
    (-25.152    -0.537  0.3106)
    (-24.545    -0.550  0.3053)
    (-23.939    -0.563  0.3000)
    (-23.333    -0.578  0.2941)
    (-22.727    -0.593  0.2881)
    (-22.121    -0.609  0.2821)
    (-21.515    -0.620  0.2760)
    (-20.909    -0.628  0.2699)
    (-20.303    -0.636  0.2637)
    (-19.697    -0.637  0.2586)
    (-19.091    -0.620  0.2582)
    (-18.485    -0.624  0.2550)
    (-17.879    -0.610  0.2542)
    (-17.273    -0.606  0.2521)
    (-16.667    -0.604  0.2501)
    (-16.061    -0.588  0.2495)
    (-15.455    -0.583  0.2477)
    (-14.848    -0.573  0.2462)
    (-14.242    -0.557  0.2455)
    (-13.636    -0.542  0.2446)
    (-13.030    -0.532  0.2432)
    (-12.424    -0.509  0.2429)
    (-11.818    -0.492  0.2419)
    (-11.212    -0.463  0.2413)
    (-10.606    -0.449  0.2399)
    (-10.000    -0.438  0.2390)
    (-9.394    -0.411  0.2386)
    (-8.788    -0.368  0.2384)
    (-8.182    -0.310  0.2385)
    (-7.576    -0.260  0.2387)
    (-6.970    -0.211  0.2388)
    (-6.364    -0.160  0.2390)
    (-5.758    -0.114  0.2394)
    (-5.152    -0.067  0.2395)
    (-4.545    -0.025  0.2397)
    (-3.939    -0.007  0.2400)
    (-3.333    0.023  0.2401)
    (-2.727    0.078  0.2404)
    (-2.121    0.114  0.2407)
    (-1.515    0.149  0.2407)
    (-0.909    0.176  0.2409)
    (-0.303    0.200  0.2409)
    ( 0.303    0.229  0.2411)
    ( 0.909    0.261  0.2412)
    ( 1.515    0.295  0.2413)
    ( 2.121    0.328  0.2413)
    ( 2.727    0.361  0.2414)
    ( 3.333    0.395  0.2416)
    ( 3.939    0.428  0.2416)
    ( 4.545    0.461  0.2417)
    ( 5.152    0.494  0.2418)
    ( 5.758    0.528  0.2417)
    ( 6.364    0.561  0.2419)
    ( 6.970    0.594  0.2419)
    ( 7.576    0.628  0.2419)
    ( 8.182    0.660  0.2420)
    ( 8.788    0.694  0.2419)
    ( 9.394    0.724  0.2418)
    (10.000    0.745  0.2417)
    (10.606    0.772  0.2413)
    (11.212    0.785  0.2407)
    (11.818    0.797  0.2401)
    (12.424    0.818  0.2391)
    (13.030    0.849  0.2377)
    (13.636    0.889  0.2359)
    (14.242    0.918  0.2352)
    (14.848    0.945  0.2346)
    (15.455    0.972  0.2342)
    (16.061    0.989  0.2348)
    (16.667    1.015  0.2352)
    (17.273    1.047  0.2352)
    (17.879    1.053  0.2376)
    (18.485    1.046  0.2395)
    (19.091    1.045  0.2405)
    (19.697    1.042  0.2420)
    (20.303    1.032  0.2441)
    (20.909    1.017  0.2465)
    (21.515    1.007  0.2483)
    (22.121    1.003  0.2490)
    (22.727    1.003  0.2497)
    (23.333    1.004  0.2518)
    (23.939    1.006  0.2537)
    (24.545    0.995  0.2572)
    (25.152    0.975  0.2628)
    (25.758    0.953  0.2690)
    (26.364    0.930  0.2753)
    (26.970    0.908  0.2816)
    (27.576    0.886  0.2878)
    (28.182    0.856  0.2940)
    (28.788    0.822  0.3002)
    (29.394    0.789  0.3066)
    (30.000    0.764  0.3139)
    (33.000    0.682  0.3520)
    (36.000    0.644  0.3798)
    (39.000    0.596  0.4104)
    (42.000    0.561  0.4446)
    (45.000    0.530  0.4797)
    (48.000    0.497  0.5148)
    (51.000    0.463  0.5499)
    (54.000    0.428  0.5844)
    (57.000    0.394  0.6203)
    (60.000    0.361  0.6592)
    (63.000    0.324  0.6864)
    (66.000    0.288  0.7164)
    (69.000    0.252  0.7502)
    (72.000    0.216  0.7740)
    (75.000    0.179  0.7943)
    (78.000    0.142  0.8189)
    (81.000    0.106  0.8403)
    (84.000    0.072  0.8482)
    (87.000    0.037  0.8613)
    (90.000    0.000  0.8798)
    (93.000    -0.026  0.8613)
    (96.000    -0.050  0.8482)
    (99.000    -0.074  0.8403)
    (102.000    -0.099  0.8189)
    (105.000    -0.125  0.7943)
    (108.000    -0.151  0.7740)
    (111.000    -0.176  0.7502)
    (114.000    -0.201  0.7164)
    (117.000    -0.227  0.6864)
    (120.000    -0.253  0.6592)
    (123.000    -0.276  0.6203)
    (126.000    -0.300  0.5844)
    (129.000    -0.324  0.5499)
    (132.000    -0.349  0.5135)
    (135.000    -0.373  0.4766)
    (138.000    -0.397  0.4396)
    (141.000    -0.423  0.4045)
    (144.000    -0.458  0.3728)
    (147.000    -0.487  0.3505)
    (150.000    -0.596  0.3067)
    (153.000    -0.608  0.2796)
    (156.000    -0.621  0.2508)
    (159.000    -0.633  0.2202)
    (162.000    -0.574  0.2156)
    (165.000    -0.478  0.2277)
    (168.000    -0.383  0.2263)
    (171.000    -0.287  0.2208)
    (174.000    -0.191  0.2243)
    (177.000    -0.095  0.2264)
    (180.000    0.000  0.2272)
