// From NREL's SOWFA
//   alpha   C_l    C_d
    (-180.000    0.000  0.1705)
    (-177.000    0.119  0.1697)
    (-174.000    0.239  0.1676)
    (-171.000    0.359  0.1641)
    (-168.000    0.479  0.1714)
    (-165.000    0.599  0.1754)
    (-162.000    0.719  0.1643)
    (-159.000    0.800  0.1755)
    (-156.000    0.803  0.2171)
    (-153.000    0.806  0.2576)
    (-150.000    0.809  0.2970)
    (-147.000    0.684  0.3513)
    (-144.000    0.643  0.3871)
    (-141.000    0.596  0.4315)
    (-138.000    0.558  0.4803)
    (-135.000    0.525  0.5314)
    (-132.000    0.491  0.5826)
    (-129.000    0.457  0.6331)
    (-126.000    0.422  0.6812)
    (-123.000    0.389  0.7308)
    (-120.000    0.356  0.7836)
    (-117.000    0.320  0.8220)
    (-114.000    0.284  0.8635)
    (-111.000    0.249  0.9091)
    (-108.000    0.213  0.9420)
    (-105.000    0.176  0.9701)
    (-102.000    0.140  1.0030)
    (-99.000    0.104  1.0314)
    (-96.000    0.071  1.0427)
    (-93.000    0.036  1.0597)
    (-90.000    0.000  1.0828)
    (-87.000    -0.036  1.0597)
    (-84.000    -0.071  1.0427)
    (-81.000    -0.104  1.0314)
    (-78.000    -0.140  1.0030)
    (-75.000    -0.176  0.9701)
    (-72.000    -0.213  0.9420)
    (-69.000    -0.249  0.9091)
    (-66.000    -0.284  0.8635)
    (-63.000    -0.319  0.8220)
    (-60.000    -0.356  0.7836)
    (-57.000    -0.389  0.7308)
    (-54.000    -0.422  0.6812)
    (-51.000    -0.456  0.6331)
    (-48.000    -0.491  0.5826)
    (-45.000    -0.525  0.5314)
    (-42.000    -0.596  0.4804)
    (-39.000    -0.671  0.4315)
    (-36.000    -0.756  0.3872)
    (-33.000    -0.834  0.3513)
    (-30.000    -0.902  0.3132)
    (-29.394    -0.902  0.3140)
    (-28.788    -0.902  0.3139)
    (-28.182    -0.903  0.3129)
    (-27.576    -0.918  0.3087)
    (-26.970    -0.938  0.3023)
    (-26.364    -0.959  0.2957)
    (-25.758    -0.980  0.2890)
    (-25.152    -1.001  0.2822)
    (-24.545    -1.017  0.2753)
    (-23.939    -1.032  0.2684)
    (-23.333    -1.050  0.2609)
    (-22.727    -1.068  0.2533)
    (-22.121    -1.087  0.2456)
    (-21.515    -1.098  0.2378)
    (-20.909    -1.105  0.2299)
    (-20.303    -1.111  0.2219)
    (-19.697    -1.110  0.2153)
    (-19.091    -1.089  0.2142)
    (-18.485    -1.091  0.2099)
    (-17.879    -1.074  0.2083)
    (-17.273    -1.068  0.2053)
    (-16.667    -1.062  0.2024)
    (-16.061    -1.032  0.2011)
    (-15.455    -0.994  0.1984)
    (-14.848    -0.954  0.1962)
    (-14.242    -0.910  0.1949)
    (-13.636    -0.868  0.1932)
    (-13.030    -0.828  0.1911)
    (-12.424    -0.782  0.1903)
    (-11.818    -0.739  0.1886)
    (-11.212    -0.689  0.1875)
    (-10.606    -0.647  0.1854)
    (-10.000    -0.606  0.1840)
    (-9.394    -0.556  0.1832)
    (-8.788    -0.499  0.1826)
    (-8.182    -0.434  0.1824)
    (-7.576    -0.372  0.1824)
    (-6.970    -0.311  0.1823)
    (-6.364    -0.248  0.1823)
    (-5.758    -0.188  0.1826)
    (-5.152    -0.128  0.1826)
    (-4.545    -0.070  0.1827)
    (-3.939    -0.020  0.1830)
    (-3.333    0.033  0.1830)
    (-2.727    0.094  0.1833)
    (-2.121    0.151  0.1835)
    (-1.515    0.207  0.1835)
    (-0.909    0.259  0.1838)
    (-0.303    0.309  0.1838)
    ( 0.303    0.362  0.1840)
    ( 0.909    0.416  0.1841)
    ( 1.515    0.471  0.1842)
    ( 2.121    0.525  0.1843)
    ( 2.727    0.580  0.1844)
    ( 3.333    0.634  0.1846)
    ( 3.939    0.689  0.1846)
    ( 4.545    0.743  0.1848)
    ( 5.152    0.797  0.1849)
    ( 5.758    0.851  0.1849)
    ( 6.364    0.905  0.1852)
    ( 6.970    0.960  0.1852)
    ( 7.576    1.014  0.1853)
    ( 8.182    1.067  0.1855)
    ( 8.788    1.121  0.1855)
    ( 9.394    1.173  0.1855)
    (10.000    1.221  0.1855)
    (10.606    1.271  0.1852)
    (11.212    1.314  0.1849)
    (11.818    1.356  0.1846)
    (12.424    1.402  0.1839)
    (13.030    1.452  0.1829)
    (13.636    1.506  0.1816)
    (14.242    1.541  0.1815)
    (14.848    1.574  0.1814)
    (15.455    1.606  0.1818)
    (16.061    1.625  0.1834)
    (16.667    1.654  0.1848)
    (17.273    1.690  0.1859)
    (17.879    1.694  0.1898)
    (18.485    1.680  0.1932)
    (19.091    1.671  0.1956)
    (19.697    1.660  0.1985)
    (20.303    1.644  0.2021)
    (20.909    1.625  0.2061)
    (21.515    1.610  0.2092)
    (22.121    1.602  0.2109)
    (22.727    1.599  0.2130)
    (23.333    1.597  0.2171)
    (23.939    1.595  0.2212)
    (24.545    1.582  0.2269)
    (25.152    1.558  0.2348)
    (25.758    1.526  0.2434)
    (26.364    1.494  0.2522)
    (26.970    1.462  0.2609)
    (27.576    1.430  0.2695)
    (28.182    1.387  0.2782)
    (28.788    1.338  0.2868)
    (29.394    1.289  0.2956)
    (30.000    1.251  0.3054)
    (33.000    1.111  0.3545)
    (36.000    1.018  0.3951)
    (39.000    0.916  0.4384)
    (42.000    0.829  0.4861)
    (45.000    0.746  0.5352)
    (48.000    0.700  0.5842)
    (51.000    0.652  0.6331)
    (54.000    0.603  0.6812)
    (57.000    0.555  0.7308)
    (60.000    0.509  0.7836)
    (63.000    0.457  0.8220)
    (66.000    0.405  0.8635)
    (69.000    0.355  0.9091)
    (72.000    0.304  0.9420)
    (75.000    0.252  0.9701)
    (78.000    0.200  1.0030)
    (81.000    0.149  1.0314)
    (84.000    0.101  1.0427)
    (87.000    0.052  1.0597)
    (90.000    0.000  1.0828)
    (93.000    -0.036  1.0597)
    (96.000    -0.071  1.0427)
    (99.000    -0.104  1.0314)
    (102.000    -0.140  1.0030)
    (105.000    -0.176  0.9701)
    (108.000    -0.213  0.9420)
    (111.000    -0.249  0.9091)
    (114.000    -0.284  0.8635)
    (117.000    -0.319  0.8220)
    (120.000    -0.356  0.7836)
    (123.000    -0.389  0.7308)
    (126.000    -0.422  0.6812)
    (129.000    -0.456  0.6331)
    (132.000    -0.491  0.5826)
    (135.000    -0.525  0.5314)
    (138.000    -0.558  0.4803)
    (141.000    -0.596  0.4315)
    (144.000    -0.643  0.3871)
    (147.000    -0.684  0.3513)
    (150.000    -0.809  0.2970)
    (153.000    -0.806  0.2576)
    (156.000    -0.803  0.2171)
    (159.000    -0.800  0.1755)
    (162.000    -0.719  0.1643)
    (165.000    -0.599  0.1754)
    (168.000    -0.479  0.1714)
    (171.000    -0.359  0.1641)
    (174.000    -0.239  0.1676)
    (177.000    -0.119  0.1697)
    (180.000    0.000  0.1705)
