// From NREL's SOWFA
//   alpha   C_l    C_d
    (-180.000    0.000  0.0485)
    (-177.000    0.105  0.0495)
    (-174.000    0.210  0.0519)
    (-171.000    0.316  0.0559)
    (-168.000    0.421  0.0634)
    (-165.000    0.526  0.0822)
    (-162.000    0.632  0.1143)
    (-159.000    0.728  0.1527)
    (-156.000    0.808  0.2014)
    (-153.000    0.885  0.2537)
    (-150.000    0.955  0.3094)
    (-147.000    0.975  0.3709)
    (-144.000    0.913  0.4351)
    (-141.000    0.858  0.5010)
    (-138.000    0.807  0.5682)
    (-135.000    0.758  0.6362)
    (-132.000    0.710  0.7043)
    (-129.000    0.662  0.7715)
    (-126.000    0.613  0.8372)
    (-123.000    0.565  0.9014)
    (-120.000    0.515  0.9625)
    (-117.000    0.464  1.0190)
    (-114.000    0.413  1.0726)
    (-111.000    0.361  1.1222)
    (-108.000    0.308  1.1646)
    (-105.000    0.255  1.2020)
    (-102.000    0.202  1.2348)
    (-99.000    0.150  1.2601)
    (-96.000    0.099  1.2775)
    (-93.000    0.049  1.2896)
    (-90.000    -0.000  1.2965)
    (-87.000    -0.049  1.2896)
    (-84.000    -0.099  1.2775)
    (-81.000    -0.150  1.2601)
    (-78.000    -0.202  1.2348)
    (-75.000    -0.255  1.2020)
    (-72.000    -0.308  1.1646)
    (-69.000    -0.361  1.1222)
    (-66.000    -0.413  1.0726)
    (-63.000    -0.464  1.0190)
    (-60.000    -0.515  0.9625)
    (-57.000    -0.565  0.9014)
    (-54.000    -0.613  0.8372)
    (-51.000    -0.662  0.7715)
    (-48.000    -0.710  0.7043)
    (-45.000    -0.758  0.6362)
    (-42.000    -0.844  0.5682)
    (-39.000    -0.933  0.5010)
    (-36.000    -1.026  0.4351)
    (-33.000    -1.125  0.3709)
    (-30.000    -1.226  0.2822)
    (-29.394    -1.241  0.2615)
    (-28.788    -1.258  0.2415)
    (-28.182    -1.275  0.2215)
    (-27.576    -1.281  0.2099)
    (-26.970    -1.282  0.2019)
    (-26.364    -1.284  0.1949)
    (-25.758    -1.286  0.1878)
    (-25.152    -1.288  0.1806)
    (-24.545    -1.286  0.1734)
    (-23.939    -1.281  0.1661)
    (-23.333    -1.277  0.1588)
    (-22.727    -1.272  0.1515)
    (-22.121    -1.268  0.1442)
    (-21.515    -1.262  0.1370)
    (-20.909    -1.254  0.1297)
    (-20.303    -1.246  0.1225)
    (-19.697    -1.236  0.1163)
    (-19.091    -1.219  0.1118)
    (-18.485    -1.194  0.1068)
    (-17.879    -1.166  0.1022)
    (-17.273    -1.138  0.0974)
    (-16.667    -1.111  0.0926)
    (-16.061    -1.081  0.0880)
    (-15.455    -1.054  0.0834)
    (-14.848    -1.028  0.0790)
    (-14.242    -1.000  0.0747)
    (-13.636    -0.973  0.0705)
    (-13.030    -0.948  0.0664)
    (-12.424    -0.920  0.0625)
    (-11.818    -0.893  0.0586)
    (-11.212    -0.864  0.0550)
    (-10.606    -0.838  0.0513)
    (-10.000    -0.813  0.0477)
    (-9.394    -0.758  0.0448)
    (-8.788    -0.700  0.0419)
    (-8.182    -0.639  0.0390)
    (-7.576    -0.567  0.0369)
    (-6.970    -0.490  0.0352)
    (-6.364    -0.411  0.0335)
    (-5.758    -0.333  0.0320)
    (-5.152    -0.252  0.0309)
    (-4.545    -0.172  0.0297)
    (-3.939    -0.091  0.0287)
    (-3.333    -0.006  0.0282)
    (-2.727    0.076  0.0277)
    (-2.121    0.158  0.0272)
    (-1.515    0.240  0.0270)
    (-0.909    0.325  0.0268)
    (-0.303    0.411  0.0267)
    ( 0.303    0.497  0.0267)
    ( 0.909    0.583  0.0267)
    ( 1.515    0.668  0.0268)
    ( 2.121    0.752  0.0269)
    ( 2.727    0.836  0.0271)
    ( 3.333    0.918  0.0274)
    ( 3.939    1.000  0.0276)
    ( 4.545    1.080  0.0279)
    ( 5.152    1.160  0.0283)
    ( 5.758    1.239  0.0287)
    ( 6.364    1.316  0.0292)
    ( 6.970    1.392  0.0297)
    ( 7.576    1.466  0.0304)
    ( 8.182    1.538  0.0312)
    ( 8.788    1.608  0.0321)
    ( 9.394    1.674  0.0334)
    (10.000    1.737  0.0347)
    (10.606    1.793  0.0369)
    (11.212    1.843  0.0398)
    (11.818    1.871  0.0437)
    (12.424    1.893  0.0487)
    (13.030    1.915  0.0541)
    (13.636    1.929  0.0602)
    (14.242    1.946  0.0661)
    (14.848    1.969  0.0715)
    (15.455    1.985  0.0776)
    (16.061    1.996  0.0843)
    (16.667    1.992  0.0932)
    (17.273    1.991  0.1018)
    (17.879    1.983  0.1108)
    (18.485    1.953  0.1206)
    (19.091    1.916  0.1305)
    (19.697    1.879  0.1403)
    (20.303    1.850  0.1501)
    (20.909    1.830  0.1596)
    (21.515    1.811  0.1689)
    (22.121    1.794  0.1779)
    (22.727    1.777  0.1871)
    (23.333    1.761  0.1968)
    (23.939    1.744  0.2066)
    (24.545    1.738  0.2168)
    (25.152    1.729  0.2275)
    (25.758    1.715  0.2383)
    (26.364    1.700  0.2491)
    (26.970    1.685  0.2600)
    (27.576    1.670  0.2708)
    (28.182    1.653  0.2816)
    (28.788    1.640  0.2925)
    (29.394    1.632  0.3034)
    (30.000    1.621  0.3145)
    (33.000    1.541  0.3727)
    (36.000    1.416  0.4362)
    (39.000    1.300  0.5018)
    (42.000    1.190  0.5688)
    (45.000    1.082  0.6366)
    (48.000    1.014  0.7045)
    (51.000    0.945  0.7715)
    (54.000    0.876  0.8372)
    (57.000    0.807  0.9014)
    (60.000    0.736  0.9625)
    (63.000    0.663  1.0190)
    (66.000    0.590  1.0726)
    (69.000    0.516  1.1222)
    (72.000    0.440  1.1646)
    (75.000    0.365  1.2020)
    (78.000    0.289  1.2348)
    (81.000    0.214  1.2601)
    (84.000    0.141  1.2775)
    (87.000    0.070  1.2896)
    (90.000    0.000  1.2965)
    (93.000    -0.049  1.2896)
    (96.000    -0.099  1.2775)
    (99.000    -0.150  1.2601)
    (102.000    -0.202  1.2348)
    (105.000    -0.255  1.2020)
    (108.000    -0.308  1.1646)
    (111.000    -0.361  1.1222)
    (114.000    -0.413  1.0726)
    (117.000    -0.464  1.0190)
    (120.000    -0.515  0.9625)
    (123.000    -0.565  0.9014)
    (126.000    -0.613  0.8372)
    (129.000    -0.662  0.7715)
    (132.000    -0.710  0.7043)
    (135.000    -0.758  0.6362)
    (138.000    -0.807  0.5682)
    (141.000    -0.858  0.5010)
    (144.000    -0.913  0.4351)
    (147.000    -0.975  0.3709)
    (150.000    -0.955  0.3094)
    (153.000    -0.885  0.2537)
    (156.000    -0.808  0.2014)
    (159.000    -0.728  0.1527)
    (162.000    -0.632  0.1143)
    (165.000    -0.526  0.0822)
    (168.000    -0.421  0.0634)
    (171.000    -0.316  0.0559)
    (174.000    -0.210  0.0519)
    (177.000    -0.105  0.0495)
    (180.000    0.000  0.0485)
