# Time Eta
   0.51200   -0.00000
   0.64000   -0.00000
   0.76800   -0.00000
   0.89600   -0.00000
   1.02400   -0.00000
   1.15200   -0.00000
   1.28000   -0.00001
   1.40800   -0.00001
   1.53600   -0.00001
   1.66400   -0.00001
   1.79200   -0.00001
   1.92000   -0.00001
   2.04800   -0.00002
   2.17600   -0.00002
   2.30400   -0.00002
   2.43200   -0.00002
   2.56000   -0.00003
   2.68800   -0.00003
   2.81600   -0.00003
   2.94400   -0.00004
   3.07200   -0.00004
   3.20000   -0.00005
   3.32800   -0.00005
   3.45600   -0.00006
   3.58400   -0.00007
   3.71200   -0.00007
   3.84000   -0.00008
   3.96800   -0.00009
   4.09600   -0.00010
   4.22400   -0.00011
   4.35200   -0.00012
   4.48000   -0.00013
   4.60800   -0.00014
   4.73600   -0.00015
   4.86400   -0.00016
   4.99200   -0.00018
   5.12000   -0.00019
   5.24800   -0.00020
   5.37600   -0.00022
   5.50400   -0.00023
   5.63200   -0.00025
   5.76000   -0.00027
   5.88800   -0.00029
   6.01600   -0.00031
   6.14400   -0.00033
   6.27200   -0.00035
   6.40000   -0.00037
   6.52800   -0.00039
   6.65600   -0.00042
   6.78400   -0.00044
   6.91200   -0.00047
   7.04000   -0.00049
   7.16800   -0.00052
   7.29600   -0.00055
   7.42400   -0.00058
   7.55200   -0.00061
   7.68000   -0.00064
   7.80800   -0.00067
   7.93600   -0.00071
   8.06400   -0.00074
   8.19200   -0.00078
   8.32000   -0.00081
   8.44800   -0.00085
   8.57600   -0.00089
   8.70400   -0.00093
   8.83200   -0.00097
   8.96000   -0.00101
   9.08800   -0.00105
   9.21600   -0.00109
   9.34400   -0.00114
   9.47200   -0.00118
   9.60000   -0.00123
   9.72800   -0.00128
   9.85600   -0.00132
   9.98400   -0.00137
  10.11200   -0.00142
  10.24000   -0.00147
  10.36800   -0.00152
  10.49600   -0.00157
  10.62400   -0.00162
  10.75200   -0.00168
  10.88000   -0.00173
  11.00800   -0.00178
  11.13600   -0.00183
  11.26400   -0.00189
  11.39200   -0.00194
  11.52000   -0.00200
  11.64800   -0.00205
  11.77600   -0.00211
  11.90400   -0.00216
  12.03200   -0.00221
  12.16000   -0.00227
  12.28800   -0.00232
  12.41600   -0.00238
  12.54400   -0.00243
  12.67200   -0.00248
  12.80000   -0.00254
  12.92800   -0.00259
  13.05600   -0.00264
  13.18400   -0.00269
  13.31200   -0.00274
  13.44000   -0.00279
  13.56800   -0.00283
  13.69600   -0.00288
  13.82400   -0.00292
  13.95200   -0.00297
  14.08000   -0.00301
  14.20800   -0.00305
  14.33600   -0.00309
  14.46400   -0.00313
  14.59200   -0.00316
  14.72000   -0.00319
  14.84800   -0.00323
  14.97600   -0.00326
  15.10400   -0.00328
  15.23200   -0.00331
  15.36000   -0.00333
  15.48800   -0.00336
  15.61600   -0.00337
  15.74400   -0.00339
  15.87200   -0.00341
  16.00000   -0.00342
  16.12800   -0.00343
  16.25600   -0.00344
  16.38400   -0.00345
  16.51200   -0.00345
  16.64000   -0.00345
  16.76800   -0.00345
  16.89600   -0.00345
  17.02400   -0.00345
  17.15200   -0.00344
  17.28000   -0.00343
  17.40800   -0.00342
  17.53600   -0.00340
  17.66400   -0.00339
  17.79200   -0.00337
  17.92000   -0.00335
  18.04800   -0.00333
  18.17600   -0.00331
  18.30400   -0.00328
  18.43200   -0.00326
  18.56000   -0.00323
  18.68800   -0.00320
  18.81600   -0.00318
  18.94400   -0.00315
  19.07200   -0.00312
  19.20000   -0.00308
  19.32800   -0.00305
  19.45600   -0.00302
  19.58400   -0.00299
  19.71200   -0.00296
  19.84000   -0.00293
  19.96800   -0.00290
  20.09600   -0.00287
  20.22400   -0.00284
  20.35200   -0.00281
  20.48000   -0.00278
  20.60800   -0.00276
  20.73600   -0.00273
  20.86400   -0.00271
  20.99200   -0.00269
  21.12000   -0.00267
  21.24800   -0.00266
  21.37600   -0.00264
  21.50400   -0.00263
  21.63200   -0.00262
  21.76000   -0.00262
  21.88800   -0.00261
  22.01600   -0.00261
  22.14400   -0.00262
  22.27200   -0.00262
  22.40000   -0.00263
  22.52800   -0.00264
  22.65600   -0.00265
  22.78400   -0.00267
  22.91200   -0.00268
  23.04000   -0.00270
  23.16800   -0.00273
  23.29600   -0.00275
  23.42400   -0.00277
  23.55200   -0.00280
  23.68000   -0.00283
  23.80800   -0.00286
  23.93600   -0.00289
  24.06400   -0.00291
  24.19200   -0.00294
  24.32000   -0.00297
  24.44800   -0.00300
  24.57600   -0.00302
  24.70400   -0.00305
  24.83200   -0.00307
  24.96000   -0.00309
  25.08800   -0.00310
  25.21600   -0.00311
  25.34400   -0.00312
  25.47200   -0.00313
  25.60000   -0.00313
  25.72800   -0.00312
  25.85600   -0.00311
  25.98400   -0.00309
  26.11200   -0.00307
  26.24000   -0.00304
  26.36800   -0.00301
  26.49600   -0.00296
  26.62400   -0.00291
  26.75200   -0.00285
  26.88000   -0.00279
  27.00800   -0.00271
  27.13600   -0.00263
  27.26400   -0.00254
  27.39200   -0.00244
  27.52000   -0.00233
  27.64800   -0.00222
  27.77600   -0.00210
  27.90400   -0.00196
  28.03200   -0.00183
  28.16000   -0.00168
  28.28800   -0.00152
  28.41600   -0.00136
  28.54400   -0.00120
  28.67200   -0.00102
  28.80000   -0.00084
  28.92800   -0.00066
  29.05600   -0.00047
  29.18400   -0.00028
  29.31200   -0.00008
  29.44000    0.00011
  29.56800    0.00031
  29.69600    0.00051
  29.82400    0.00071
  29.95200    0.00091
  30.08000    0.00111
  30.20800    0.00130
  30.33600    0.00150
  30.46400    0.00169
  30.59200    0.00187
  30.72000    0.00205
  30.84800    0.00223
  30.97600    0.00240
  31.10400    0.00256
  31.23200    0.00272
  31.36000    0.00287
  31.48800    0.00301
  31.61600    0.00314
  31.74400    0.00327
  31.87200    0.00339
  32.00000    0.00350
  32.12800    0.00360
  32.25600    0.00369
  32.38400    0.00378
  32.51200    0.00387
  32.64000    0.00394
  32.76800    0.00401
  32.89600    0.00408
  33.02400    0.00414
  33.15200    0.00420
  33.28000    0.00426
  33.40800    0.00431
  33.53600    0.00436
  33.66400    0.00441
  33.79200    0.00446
  33.92000    0.00451
  34.04800    0.00456
  34.17600    0.00462
  34.30400    0.00468
  34.43200    0.00474
  34.56000    0.00481
  34.68800    0.00488
  34.81600    0.00496
  34.94400    0.00504
  35.07200    0.00513
  35.20000    0.00523
  35.32800    0.00534
  35.45600    0.00545
  35.58400    0.00556
  35.71200    0.00568
  35.84000    0.00581
  35.96800    0.00594
  36.09600    0.00608
  36.22400    0.00622
  36.35200    0.00635
  36.48000    0.00649
  36.60800    0.00663
  36.73600    0.00677
  36.86400    0.00690
  36.99200    0.00703
  37.12000    0.00715
  37.24800    0.00726
  37.37600    0.00736
  37.50400    0.00744
  37.63200    0.00751
  37.76000    0.00757
  37.88800    0.00761
  38.01600    0.00763
  38.14400    0.00762
  38.27200    0.00760
  38.40000    0.00755
  38.52800    0.00747
  38.65600    0.00737
  38.78400    0.00725
  38.91200    0.00709
  39.04000    0.00691
  39.16800    0.00670
  39.29600    0.00646
  39.42400    0.00620
  39.55200    0.00591
  39.68000    0.00559
  39.80800    0.00524
  39.93600    0.00488
  40.06400    0.00449
  40.19200    0.00407
  40.32000    0.00364
  40.44800    0.00319
  40.57600    0.00273
  40.70400    0.00225
  40.83200    0.00176
  40.96000    0.00126
  41.08800    0.00076
  41.21600    0.00025
  41.34400   -0.00027
  41.47200   -0.00078
  41.60000   -0.00129
  41.72800   -0.00180
  41.85600   -0.00230
  41.98400   -0.00280
  42.11200   -0.00328
  42.24000   -0.00376
  42.36800   -0.00422
  42.49600   -0.00467
  42.62400   -0.00511
  42.75200   -0.00554
  42.88000   -0.00595
  43.00800   -0.00635
  43.13600   -0.00674
  43.26400   -0.00711
  43.39200   -0.00747
  43.52000   -0.00782
  43.64800   -0.00817
  43.77600   -0.00850
  43.90400   -0.00883
  44.03200   -0.00915
  44.16000   -0.00946
  44.28800   -0.00977
  44.41600   -0.01008
  44.54400   -0.01039
  44.67200   -0.01070
  44.80000   -0.01101
  44.92800   -0.01132
  45.05600   -0.01164
  45.18400   -0.01196
  45.31200   -0.01228
  45.44000   -0.01261
  45.56800   -0.01294
  45.69600   -0.01327
  45.82400   -0.01360
  45.95200   -0.01393
  46.08000   -0.01425
  46.20800   -0.01458
  46.33600   -0.01490
  46.46400   -0.01521
  46.59200   -0.01550
  46.72000   -0.01579
  46.84800   -0.01606
  46.97600   -0.01630
  47.10400   -0.01653
  47.23200   -0.01673
  47.36000   -0.01690
  47.48800   -0.01705
  47.61600   -0.01716
  47.74400   -0.01723
  47.87200   -0.01727
  48.00000   -0.01727
  48.12800   -0.01723
  48.25600   -0.01715
  48.38400   -0.01703
  48.51200   -0.01687
  48.64000   -0.01666
  48.76800   -0.01641
  48.89600   -0.01613
  49.02400   -0.01580
  49.15200   -0.01544
  49.28000   -0.01505
  49.40800   -0.01462
  49.53600   -0.01417
  49.66400   -0.01370
  49.79200   -0.01321
  49.92000   -0.01270
  50.04800   -0.01218
  50.17600   -0.01165
  50.30400   -0.01113
  50.43200   -0.01060
  50.56000   -0.01008
  50.68800   -0.00956
  50.81600   -0.00905
  50.94400   -0.00856
  51.07200   -0.00808
  51.20000   -0.00761
  51.32800   -0.00717
  51.45600   -0.00673
  51.58400   -0.00631
  51.71200   -0.00591
  51.84000   -0.00552
  51.96800   -0.00513
  52.09600   -0.00476
  52.22400   -0.00438
  52.35200   -0.00401
  52.48000   -0.00362
  52.60800   -0.00324
  52.73600   -0.00283
  52.86400   -0.00241
  52.99200   -0.00196
  53.12000   -0.00149
  53.24800   -0.00099
  53.37600   -0.00045
  53.50400    0.00012
  53.63200    0.00074
  53.76000    0.00140
  53.88800    0.00209
  54.01600    0.00284
  54.14400    0.00362
  54.27200    0.00445
  54.40000    0.00531
  54.52800    0.00622
  54.65600    0.00715
  54.78400    0.00812
  54.91200    0.00909
  55.04000    0.01011
  55.16800    0.01113
  55.29600    0.01216
  55.42400    0.01319
  55.55200    0.01421
  55.68000    0.01522
  55.80800    0.01620
  55.93600    0.01716
  56.06400    0.01809
  56.19200    0.01897
  56.32000    0.01981
  56.44800    0.02060
  56.57602    0.02133
  56.70404    0.02201
  56.83206    0.02262
  56.96008    0.02317
  57.08810    0.02366
  57.21612    0.02409
  57.34414    0.02445
  57.47215    0.02475
  57.60017    0.02499
  57.72819    0.02516
  57.85621    0.02529
  57.98423    0.02536
  58.11225    0.02538
  58.24027    0.02535
  58.36829    0.02529
  58.49630    0.02518
  58.62432    0.02503
  58.75234    0.02485
  58.88036    0.02464
  59.00838    0.02440
  59.13640    0.02413
  59.26442    0.02383
  59.39244    0.02351
  59.52045    0.02317
  59.64847    0.02281
  59.77649    0.02242
  59.90451    0.02200
  60.03253    0.02157
  60.16055    0.02111
  60.28857    0.02062
  60.41659    0.02011
  60.54461    0.01956
  60.67262    0.01899
  60.80064    0.01839
  60.92866    0.01776
  61.05668    0.01709
  61.18470    0.01639
  61.31272    0.01565
  61.44074    0.01488
  61.56876    0.01407
  61.69677    0.01323
  61.82479    0.01236
  61.95281    0.01145
  62.08083    0.01051
  62.20885    0.00954
  62.33687    0.00853
  62.46489    0.00750
  62.59291    0.00644
  62.72093    0.00536
  62.84894    0.00426
  62.97696    0.00313
  63.10498    0.00199
  63.23300    0.00083
  63.36102   -0.00034
  63.48904   -0.00153
  63.61706   -0.00272
  63.74508   -0.00392
  63.87309   -0.00512
  64.00111   -0.00633
  64.12913   -0.00753
  64.25715   -0.00873
  64.38517   -0.00993
  64.51319   -0.01112
  64.64121   -0.01231
  64.76923   -0.01348
  64.89724   -0.01463
  65.02526   -0.01577
  65.15328   -0.01690
  65.28130   -0.01799
  65.40932   -0.01907
  65.53734   -0.02011
  65.66536   -0.02112
  65.79338   -0.02209
  65.92140   -0.02302
  66.04941   -0.02391
  66.17743   -0.02475
  66.30545   -0.02553
  66.43347   -0.02625
  66.56149   -0.02692
  66.68951   -0.02752
  66.81753   -0.02805
  66.94555   -0.02850
  67.07356   -0.02888
  67.28777   -0.02939
  67.54373   -0.02968
  67.79970   -0.02965
  68.05566   -0.02926
  68.31163   -0.02851
  68.56759   -0.02745
  68.82355   -0.02609
  69.07952   -0.02447
  69.33548   -0.02263
  69.59145   -0.02059
  69.84741   -0.01838
  70.10337   -0.01602
  70.35934   -0.01351
  70.61530   -0.01084
  70.87127   -0.00801
  71.12723   -0.00500
  71.38320   -0.00177
