// From NREL's SOWFA
//   alpha   C_l    C_d
    (-180.000    0.000  0.1236)
    (-177.000    0.129  0.1230)
    (-174.000    0.260  0.1217)
    (-171.000    0.390  0.1193)
    (-168.000    0.521  0.1277)
    (-165.000    0.651  0.1354)
    (-162.000    0.781  0.1326)
    (-159.000    0.874  0.1510)
    (-156.000    0.892  0.1988)
    (-153.000    0.911  0.2462)
    (-150.000    0.930  0.2934)
    (-147.000    0.823  0.3525)
    (-144.000    0.773  0.4014)
    (-141.000    0.718  0.4554)
    (-138.000    0.674  0.5136)
    (-135.000    0.634  0.5740)
    (-132.000    0.592  0.6346)
    (-129.000    0.551  0.6942)
    (-126.000    0.510  0.7515)
    (-123.000    0.470  0.8097)
    (-120.000    0.430  0.8703)
    (-117.000    0.386  0.9168)
    (-114.000    0.343  0.9655)
    (-111.000    0.300  1.0171)
    (-108.000    0.257  1.0557)
    (-105.000    0.213  1.0889)
    (-102.000    0.169  1.1255)
    (-99.000    0.126  1.1564)
    (-96.000    0.085  1.1702)
    (-93.000    0.043  1.1881)
    (-90.000    0.000  1.2103)
    (-87.000    -0.043  1.1881)
    (-84.000    -0.085  1.1702)
    (-81.000    -0.126  1.1564)
    (-78.000    -0.169  1.1255)
    (-75.000    -0.213  1.0889)
    (-72.000    -0.257  1.0557)
    (-69.000    -0.300  1.0171)
    (-66.000    -0.343  0.9655)
    (-63.000    -0.386  0.9168)
    (-60.000    -0.430  0.8703)
    (-57.000    -0.470  0.8097)
    (-54.000    -0.510  0.7515)
    (-51.000    -0.551  0.6942)
    (-48.000    -0.592  0.6346)
    (-45.000    -0.634  0.5740)
    (-42.000    -0.711  0.5136)
    (-39.000    -0.793  0.4554)
    (-36.000    -0.885  0.4014)
    (-33.000    -0.973  0.3525)
    (-30.000    -1.053  0.3023)
    (-29.394    -1.057  0.2990)
    (-28.788    -1.061  0.2947)
    (-28.182    -1.065  0.2900)
    (-27.576    -1.079  0.2835)
    (-26.970    -1.097  0.2760)
    (-26.364    -1.114  0.2683)
    (-25.758    -1.133  0.2606)
    (-25.152    -1.151  0.2527)
    (-24.545    -1.165  0.2448)
    (-23.939    -1.176  0.2369)
    (-23.333    -1.190  0.2286)
    (-22.727    -1.204  0.2202)
    (-22.121    -1.219  0.2117)
    (-21.515    -1.228  0.2031)
    (-20.909    -1.232  0.1945)
    (-20.303    -1.237  0.1858)
    (-19.697    -1.234  0.1785)
    (-19.091    -1.212  0.1764)
    (-18.485    -1.212  0.1715)
    (-17.879    -1.193  0.1690)
    (-17.273    -1.185  0.1653)
    (-16.667    -1.154  0.1616)
    (-16.061    -1.113  0.1595)
    (-15.455    -1.078  0.1561)
    (-14.848    -1.040  0.1532)
    (-14.242    -0.999  0.1510)
    (-13.636    -0.959  0.1486)
    (-13.030    -0.921  0.1458)
    (-12.424    -0.877  0.1443)
    (-11.818    -0.835  0.1420)
    (-11.212    -0.786  0.1402)
    (-10.606    -0.746  0.1376)
    (-10.000    -0.709  0.1355)
    (-9.394    -0.655  0.1343)
    (-8.788    -0.591  0.1333)
    (-8.182    -0.517  0.1325)
    (-7.576    -0.447  0.1322)
    (-6.970    -0.375  0.1318)
    (-6.364    -0.302  0.1315)
    (-5.758    -0.232  0.1314)
    (-5.152    -0.162  0.1312)
    (-4.545    -0.094  0.1312)
    (-3.939    -0.032  0.1312)
    (-3.333    0.031  0.1312)
    (-2.727    0.099  0.1313)
    (-2.121    0.166  0.1315)
    (-1.515    0.232  0.1314)
    (-0.909    0.293  0.1316)
    (-0.303    0.352  0.1317)
    ( 0.303    0.414  0.1318)
    ( 0.909    0.478  0.1319)
    ( 1.515    0.542  0.1320)
    ( 2.121    0.606  0.1321)
    ( 2.727    0.670  0.1323)
    ( 3.333    0.733  0.1325)
    ( 3.939    0.797  0.1325)
    ( 4.545    0.860  0.1327)
    ( 5.152    0.923  0.1330)
    ( 5.758    0.986  0.1330)
    ( 6.364    1.048  0.1333)
    ( 6.970    1.110  0.1335)
    ( 7.576    1.172  0.1337)
    ( 8.182    1.233  0.1340)
    ( 8.788    1.294  0.1341)
    ( 9.394    1.352  0.1343)
    (10.000    1.404  0.1346)
    (10.606    1.459  0.1346)
    (11.212    1.503  0.1347)
    (11.818    1.545  0.1350)
    (12.424    1.591  0.1352)
    (13.030    1.641  0.1353)
    (13.636    1.694  0.1352)
    (14.242    1.741  0.1363)
    (14.848    1.787  0.1375)
    (15.455    1.832  0.1391)
    (16.061    1.871  0.1419)
    (16.667    1.898  0.1451)
    (17.273    1.923  0.1480)
    (17.879    1.918  0.1535)
    (18.485    1.898  0.1587)
    (19.091    1.883  0.1632)
    (19.697    1.865  0.1681)
    (20.303    1.845  0.1736)
    (20.909    1.823  0.1794)
    (21.515    1.806  0.1844)
    (22.121    1.795  0.1882)
    (22.727    1.789  0.1922)
    (23.333    1.784  0.1979)
    (23.939    1.779  0.2035)
    (24.545    1.766  0.2108)
    (25.152    1.743  0.2201)
    (25.758    1.711  0.2302)
    (26.364    1.680  0.2404)
    (26.970    1.648  0.2505)
    (27.576    1.617  0.2606)
    (28.182    1.576  0.2706)
    (28.788    1.530  0.2807)
    (29.394    1.484  0.2909)
    (30.000    1.449  0.3021)
    (33.000    1.310  0.3578)
    (36.000    1.204  0.4089)
    (39.000    1.092  0.4618)
    (42.000    0.994  0.5190)
    (45.000    0.902  0.5775)
    (48.000    0.845  0.6360)
    (51.000    0.788  0.6942)
    (54.000    0.729  0.7515)
    (57.000    0.671  0.8097)
    (60.000    0.614  0.8703)
    (63.000    0.552  0.9168)
    (66.000    0.490  0.9655)
    (69.000    0.429  1.0171)
    (72.000    0.367  1.0557)
    (75.000    0.304  1.0889)
    (78.000    0.241  1.1255)
    (81.000    0.180  1.1564)
    (84.000    0.121  1.1702)
    (87.000    0.061  1.1881)
    (90.000    0.000  1.2103)
    (93.000    -0.043  1.1881)
    (96.000    -0.085  1.1702)
    (99.000    -0.126  1.1564)
    (102.000    -0.169  1.1255)
    (105.000    -0.213  1.0889)
    (108.000    -0.257  1.0557)
    (111.000    -0.300  1.0171)
    (114.000    -0.343  0.9655)
    (117.000    -0.386  0.9168)
    (120.000    -0.430  0.8703)
    (123.000    -0.470  0.8097)
    (126.000    -0.510  0.7515)
    (129.000    -0.551  0.6942)
    (132.000    -0.592  0.6346)
    (135.000    -0.634  0.5740)
    (138.000    -0.674  0.5136)
    (141.000    -0.718  0.4554)
    (144.000    -0.773  0.4014)
    (147.000    -0.823  0.3525)
    (150.000    -0.930  0.2934)
    (153.000    -0.911  0.2462)
    (156.000    -0.892  0.1988)
    (159.000    -0.874  0.1510)
    (162.000    -0.781  0.1326)
    (165.000    -0.651  0.1354)
    (168.000    -0.521  0.1277)
    (171.000    -0.390  0.1193)
    (174.000    -0.260  0.1217)
    (177.000    -0.129  0.1230)
    (180.000    0.000  0.1236)
