// From NREL's SOWFA
//   alpha   C_l    C_d
    (-180.000    0.000  0.0253)
    (-177.000    0.086  0.0265)
    (-174.000    0.172  0.0296)
    (-171.000    0.258  0.0346)
    (-168.000    0.344  0.0448)
    (-165.000    0.430  0.0736)
    (-162.000    0.516  0.1105)
    (-159.000    0.601  0.1535)
    (-156.000    0.687  0.2020)
    (-153.000    0.773  0.2550)
    (-150.000    0.859  0.3124)
    (-147.000    0.900  0.3738)
    (-144.000    0.849  0.4373)
    (-141.000    0.804  0.5038)
    (-138.000    0.760  0.5713)
    (-135.000    0.718  0.6396)
    (-132.000    0.676  0.7080)
    (-129.000    0.634  0.7756)
    (-126.000    0.591  0.8417)
    (-123.000    0.547  0.9063)
    (-120.000    0.501  0.9670)
    (-117.000    0.454  1.0244)
    (-114.000    0.405  1.0782)
    (-111.000    0.355  1.1275)
    (-108.000    0.305  1.1701)
    (-105.000    0.253  1.2077)
    (-102.000    0.201  1.2402)
    (-99.000    0.150  1.2650)
    (-96.000    0.099  1.2826)
    (-93.000    0.049  1.2943)
    (-90.000    -0.000  1.3000)
    (-87.000    -0.049  1.2943)
    (-84.000    -0.099  1.2826)
    (-81.000    -0.150  1.2650)
    (-78.000    -0.201  1.2402)
    (-75.000    -0.253  1.2077)
    (-72.000    -0.305  1.1701)
    (-69.000    -0.355  1.1275)
    (-66.000    -0.405  1.0782)
    (-63.000    -0.454  1.0244)
    (-60.000    -0.501  0.9670)
    (-57.000    -0.547  0.9063)
    (-54.000    -0.591  0.8417)
    (-51.000    -0.634  0.7756)
    (-48.000    -0.676  0.7080)
    (-45.000    -0.718  0.6396)
    (-42.000    -0.765  0.5713)
    (-39.000    -0.812  0.5038)
    (-36.000    -0.860  0.4373)
    (-33.000    -0.913  0.3738)
    (-30.000    -1.025  0.2842)
    (-29.394    -1.054  0.2636)
    (-28.788    -1.082  0.2431)
    (-28.182    -1.111  0.2228)
    (-27.576    -1.120  0.2102)
    (-26.970    -1.121  0.2010)
    (-26.364    -1.121  0.1917)
    (-25.758    -1.122  0.1825)
    (-25.152    -1.123  0.1733)
    (-24.545    -1.123  0.1640)
    (-23.939    -1.123  0.1550)
    (-23.333    -1.124  0.1470)
    (-22.727    -1.124  0.1391)
    (-22.121    -1.124  0.1311)
    (-21.515    -1.124  0.1233)
    (-20.909    -1.125  0.1154)
    (-20.303    -1.126  0.1074)
    (-19.697    -1.127  0.1001)
    (-19.091    -1.127  0.0936)
    (-18.485    -1.128  0.0871)
    (-17.879    -1.128  0.0808)
    (-17.273    -1.126  0.0752)
    (-16.667    -1.124  0.0696)
    (-16.061    -1.122  0.0640)
    (-15.455    -1.120  0.0591)
    (-14.848    -1.119  0.0542)
    (-14.242    -1.118  0.0493)
    (-13.636    -1.113  0.0448)
    (-13.030    -1.106  0.0405)
    (-12.424    -1.100  0.0362)
    (-11.818    -1.079  0.0324)
    (-11.212    -1.025  0.0296)
    (-10.606    -0.971  0.0268)
    (-10.000    -0.917  0.0240)
    (-9.394    -0.849  0.0223)
    (-8.788    -0.781  0.0206)
    (-8.182    -0.713  0.0188)
    (-7.576    -0.642  0.0175)
    (-6.970    -0.570  0.0164)
    (-6.364    -0.497  0.0153)
    (-5.758    -0.420  0.0144)
    (-5.152    -0.336  0.0138)
    (-4.545    -0.253  0.0132)
    (-3.939    -0.169  0.0126)
    (-3.333    -0.083  0.0124)
    (-2.727    0.003  0.0121)
    (-2.121    0.088  0.0118)
    (-1.515    0.173  0.0117)
    (-0.909    0.258  0.0116)
    (-0.303    0.341  0.0116)
    ( 0.303    0.425  0.0116)
    ( 0.909    0.507  0.0116)
    ( 1.515    0.589  0.0117)
    ( 2.121    0.670  0.0118)
    ( 2.727    0.750  0.0119)
    ( 3.333    0.830  0.0120)
    ( 3.939    0.910  0.0122)
    ( 4.545    0.988  0.0124)
    ( 5.152    1.066  0.0126)
    ( 5.758    1.143  0.0129)
    ( 6.364    1.219  0.0132)
    ( 6.970    1.295  0.0135)
    ( 7.576    1.369  0.0139)
    ( 8.182    1.441  0.0144)
    ( 8.788    1.513  0.0149)
    ( 9.394    1.581  0.0155)
    (10.000    1.649  0.0161)
    (10.606    1.712  0.0169)
    (11.212    1.773  0.0178)
    (11.818    1.829  0.0190)
    (12.424    1.879  0.0204)
    (13.030    1.926  0.0221)
    (13.636    1.959  0.0246)
    (14.242    1.984  0.0276)
    (14.848    1.998  0.0315)
    (15.455    2.000  0.0367)
    (16.061    1.996  0.0426)
    (16.667    1.976  0.0503)
    (17.273    1.956  0.0581)
    (17.879    1.935  0.0659)
    (18.485    1.889  0.0766)
    (19.091    1.836  0.0881)
    (19.697    1.783  0.0996)
    (20.303    1.737  0.1119)
    (20.909    1.698  0.1251)
    (21.515    1.659  0.1383)
    (22.121    1.620  0.1514)
    (22.727    1.581  0.1646)
    (23.333    1.541  0.1778)
    (23.939    1.502  0.1908)
    (24.545    1.483  0.2033)
    (25.152    1.466  0.2157)
    (25.758    1.449  0.2281)
    (26.364    1.431  0.2406)
    (26.970    1.413  0.2530)
    (27.576    1.395  0.2654)
    (28.182    1.380  0.2777)
    (28.788    1.371  0.2896)
    (29.394    1.363  0.3014)
    (30.000    1.354  0.3133)
    (33.000    1.300  0.3738)
    (36.000    1.225  0.4373)
    (39.000    1.157  0.5038)
    (42.000    1.091  0.5713)
    (45.000    1.025  0.6396)
    (48.000    0.966  0.7080)
    (51.000    0.906  0.7756)
    (54.000    0.844  0.8417)
    (57.000    0.781  0.9063)
    (60.000    0.716  0.9670)
    (63.000    0.648  1.0244)
    (66.000    0.579  1.0782)
    (69.000    0.508  1.1275)
    (72.000    0.435  1.1701)
    (75.000    0.362  1.2077)
    (78.000    0.288  1.2402)
    (81.000    0.214  1.2650)
    (84.000    0.141  1.2826)
    (87.000    0.070  1.2943)
    (90.000    0.000  1.3000)
    (93.000    -0.049  1.2943)
    (96.000    -0.099  1.2826)
    (99.000    -0.150  1.2650)
    (102.000    -0.201  1.2402)
    (105.000    -0.253  1.2077)
    (108.000    -0.305  1.1701)
    (111.000    -0.355  1.1275)
    (114.000    -0.405  1.0782)
    (117.000    -0.454  1.0244)
    (120.000    -0.501  0.9670)
    (123.000    -0.547  0.9063)
    (126.000    -0.591  0.8417)
    (129.000    -0.634  0.7756)
    (132.000    -0.676  0.7080)
    (135.000    -0.718  0.6396)
    (138.000    -0.760  0.5713)
    (141.000    -0.804  0.5038)
    (144.000    -0.849  0.4373)
    (147.000    -0.900  0.3738)
    (150.000    -0.859  0.3124)
    (153.000    -0.773  0.2550)
    (156.000    -0.687  0.2020)
    (159.000    -0.601  0.1535)
    (162.000    -0.516  0.1105)
    (165.000    -0.430  0.0736)
    (168.000    -0.344  0.0448)
    (171.000    -0.258  0.0346)
    (174.000    -0.172  0.0296)
    (177.000    -0.086  0.0265)
    (180.000    0.000  0.0253)
