// From NREL's SOWFA
//   alpha   C_l    C_d
    (-180.000    0.000  0.0412)
    (-177.000    0.097  0.0423)
    (-174.000    0.195  0.0452)
    (-171.000    0.292  0.0499)
    (-168.000    0.390  0.0574)
    (-165.000    0.487  0.0777)
    (-162.000    0.585  0.1132)
    (-159.000    0.680  0.1548)
    (-156.000    0.772  0.2033)
    (-153.000    0.862  0.2562)
    (-150.000    0.948  0.3132)
    (-147.000    0.983  0.3746)
    (-144.000    0.920  0.4382)
    (-141.000    0.866  0.5045)
    (-138.000    0.814  0.5720)
    (-135.000    0.764  0.6401)
    (-132.000    0.716  0.7085)
    (-129.000    0.668  0.7759)
    (-126.000    0.619  0.8419)
    (-123.000    0.570  0.9063)
    (-120.000    0.520  0.9671)
    (-117.000    0.469  1.0242)
    (-114.000    0.417  1.0779)
    (-111.000    0.364  1.1272)
    (-108.000    0.311  1.1697)
    (-105.000    0.258  1.2072)
    (-102.000    0.204  1.2396)
    (-99.000    0.151  1.2644)
    (-96.000    0.100  1.2819)
    (-93.000    0.049  1.2936)
    (-90.000    -0.000  1.2994)
    (-87.000    -0.049  1.2936)
    (-84.000    -0.100  1.2819)
    (-81.000    -0.151  1.2644)
    (-78.000    -0.204  1.2396)
    (-75.000    -0.258  1.2072)
    (-72.000    -0.311  1.1697)
    (-69.000    -0.364  1.1272)
    (-66.000    -0.417  1.0779)
    (-63.000    -0.469  1.0242)
    (-60.000    -0.520  0.9671)
    (-57.000    -0.570  0.9063)
    (-54.000    -0.619  0.8419)
    (-51.000    -0.668  0.7759)
    (-48.000    -0.716  0.7085)
    (-45.000    -0.764  0.6401)
    (-42.000    -0.851  0.5720)
    (-39.000    -0.941  0.5045)
    (-36.000    -1.033  0.4382)
    (-33.000    -1.133  0.3746)
    (-30.000    -1.239  0.2804)
    (-29.394    -1.258  0.2578)
    (-28.788    -1.279  0.2356)
    (-28.182    -1.299  0.2135)
    (-27.576    -1.305  0.2014)
    (-26.970    -1.304  0.1937)
    (-26.364    -1.304  0.1866)
    (-25.758    -1.304  0.1794)
    (-25.152    -1.304  0.1722)
    (-24.545    -1.299  0.1649)
    (-23.939    -1.292  0.1576)
    (-23.333    -1.284  0.1507)
    (-22.727    -1.277  0.1438)
    (-22.121    -1.269  0.1369)
    (-21.515    -1.260  0.1300)
    (-20.909    -1.250  0.1231)
    (-20.303    -1.239  0.1162)
    (-19.697    -1.216  0.1102)
    (-19.091    -1.191  0.1053)
    (-18.485    -1.166  0.1003)
    (-17.879    -1.140  0.0953)
    (-17.273    -1.114  0.0904)
    (-16.667    -1.087  0.0855)
    (-16.061    -1.060  0.0806)
    (-15.455    -1.035  0.0759)
    (-14.848    -1.010  0.0713)
    (-14.242    -0.986  0.0668)
    (-13.636    -0.962  0.0624)
    (-13.030    -0.939  0.0582)
    (-12.424    -0.916  0.0540)
    (-11.818    -0.893  0.0499)
    (-11.212    -0.868  0.0462)
    (-10.606    -0.845  0.0425)
    (-10.000    -0.822  0.0388)
    (-9.394    -0.768  0.0359)
    (-8.788    -0.711  0.0330)
    (-8.182    -0.654  0.0301)
    (-7.576    -0.584  0.0280)
    (-6.970    -0.506  0.0262)
    (-6.364    -0.429  0.0244)
    (-5.758    -0.351  0.0229)
    (-5.152    -0.270  0.0217)
    (-4.545    -0.190  0.0206)
    (-3.939    -0.110  0.0195)
    (-3.333    -0.022  0.0190)
    (-2.727    0.064  0.0185)
    (-2.121    0.150  0.0180)
    (-1.515    0.237  0.0177)
    (-0.909    0.325  0.0175)
    (-0.303    0.414  0.0175)
    ( 0.303    0.503  0.0174)
    ( 0.909    0.591  0.0174)
    ( 1.515    0.678  0.0175)
    ( 2.121    0.764  0.0176)
    ( 2.727    0.849  0.0178)
    ( 3.333    0.933  0.0180)
    ( 3.939    1.016  0.0183)
    ( 4.545    1.098  0.0186)
    ( 5.152    1.180  0.0189)
    ( 5.758    1.259  0.0193)
    ( 6.364    1.338  0.0198)
    ( 6.970    1.415  0.0203)
    ( 7.576    1.490  0.0210)
    ( 8.182    1.562  0.0218)
    ( 8.788    1.632  0.0227)
    ( 9.394    1.699  0.0239)
    (10.000    1.763  0.0252)
    (10.606    1.818  0.0274)
    (11.212    1.868  0.0301)
    (11.818    1.900  0.0339)
    (12.424    1.923  0.0389)
    (13.030    1.944  0.0444)
    (13.636    1.952  0.0510)
    (14.242    1.965  0.0573)
    (14.848    1.982  0.0632)
    (15.455    1.993  0.0698)
    (16.061    1.999  0.0769)
    (16.667    1.986  0.0864)
    (17.273    1.975  0.0956)
    (17.879    1.961  0.1050)
    (18.485    1.942  0.1156)
    (19.091    1.909  0.1262)
    (19.697    1.867  0.1369)
    (20.303    1.837  0.1473)
    (20.909    1.818  0.1575)
    (21.515    1.799  0.1675)
    (22.121    1.780  0.1773)
    (22.727    1.761  0.1874)
    (23.333    1.742  0.1980)
    (23.939    1.724  0.2085)
    (24.545    1.719  0.2193)
    (25.152    1.713  0.2301)
    (25.758    1.702  0.2410)
    (26.364    1.691  0.2519)
    (26.970    1.680  0.2628)
    (27.576    1.668  0.2737)
    (28.182    1.655  0.2846)
    (28.788    1.645  0.2955)
    (29.394    1.638  0.3065)
    (30.000    1.628  0.3175)
    (33.000    1.553  0.3749)
    (36.000    1.427  0.4384)
    (39.000    1.312  0.5047)
    (42.000    1.200  0.5721)
    (45.000    1.092  0.6402)
    (48.000    1.023  0.7085)
    (51.000    0.954  0.7759)
    (54.000    0.884  0.8419)
    (57.000    0.814  0.9063)
    (60.000    0.742  0.9671)
    (63.000    0.669  1.0242)
    (66.000    0.595  1.0779)
    (69.000    0.520  1.1272)
    (72.000    0.444  1.1697)
    (75.000    0.368  1.2072)
    (78.000    0.292  1.2396)
    (81.000    0.216  1.2644)
    (84.000    0.142  1.2819)
    (87.000    0.070  1.2936)
    (90.000    0.000  1.2994)
    (93.000    -0.049  1.2936)
    (96.000    -0.100  1.2819)
    (99.000    -0.151  1.2644)
    (102.000    -0.204  1.2396)
    (105.000    -0.258  1.2072)
    (108.000    -0.311  1.1697)
    (111.000    -0.364  1.1272)
    (114.000    -0.417  1.0779)
    (117.000    -0.469  1.0242)
    (120.000    -0.520  0.9671)
    (123.000    -0.570  0.9063)
    (126.000    -0.619  0.8419)
    (129.000    -0.668  0.7759)
    (132.000    -0.716  0.7085)
    (135.000    -0.764  0.6401)
    (138.000    -0.814  0.5720)
    (141.000    -0.866  0.5045)
    (144.000    -0.920  0.4382)
    (147.000    -0.983  0.3746)
    (150.000    -0.948  0.3132)
    (153.000    -0.862  0.2562)
    (156.000    -0.772  0.2033)
    (159.000    -0.680  0.1548)
    (162.000    -0.585  0.1132)
    (165.000    -0.487  0.0777)
    (168.000    -0.390  0.0574)
    (171.000    -0.292  0.0499)
    (174.000    -0.195  0.0452)
    (177.000    -0.097  0.0423)
    (180.000    0.000  0.0412)
