// From NREL's SOWFA
//   alpha   C_l    C_d
    (-180.000    0.000  0.0340)
    (-177.000    0.093  0.0351)
    (-174.000    0.185  0.0382)
    (-171.000    0.278  0.0432)
    (-168.000    0.370  0.0511)
    (-165.000    0.463  0.0727)
    (-162.000    0.556  0.1100)
    (-159.000    0.648  0.1533)
    (-156.000    0.741  0.2018)
    (-153.000    0.835  0.2549)
    (-150.000    0.929  0.3122)
    (-147.000    0.972  0.3736)
    (-144.000    0.911  0.4372)
    (-141.000    0.858  0.5036)
    (-138.000    0.808  0.5712)
    (-135.000    0.759  0.6395)
    (-132.000    0.711  0.7079)
    (-129.000    0.664  0.7755)
    (-126.000    0.616  0.8416)
    (-123.000    0.568  0.9062)
    (-120.000    0.518  0.9670)
    (-117.000    0.467  1.0243)
    (-114.000    0.416  1.0781)
    (-111.000    0.364  1.1274)
    (-108.000    0.311  1.1700)
    (-105.000    0.257  1.2077)
    (-102.000    0.204  1.2401)
    (-99.000    0.151  1.2649)
    (-96.000    0.100  1.2826)
    (-93.000    0.049  1.2943)
    (-90.000    -0.000  1.3000)
    (-87.000    -0.049  1.2943)
    (-84.000    -0.100  1.2826)
    (-81.000    -0.151  1.2649)
    (-78.000    -0.204  1.2401)
    (-75.000    -0.257  1.2077)
    (-72.000    -0.311  1.1700)
    (-69.000    -0.364  1.1274)
    (-66.000    -0.416  1.0781)
    (-63.000    -0.467  1.0243)
    (-60.000    -0.518  0.9670)
    (-57.000    -0.568  0.9062)
    (-54.000    -0.616  0.8416)
    (-51.000    -0.664  0.7755)
    (-48.000    -0.711  0.7079)
    (-45.000    -0.759  0.6395)
    (-42.000    -0.845  0.5712)
    (-39.000    -0.933  0.5036)
    (-36.000    -1.024  0.4372)
    (-33.000    -1.122  0.3736)
    (-30.000    -1.254  0.2791)
    (-29.394    -1.286  0.2570)
    (-28.788    -1.319  0.2346)
    (-28.182    -1.351  0.2122)
    (-27.576    -1.360  0.1999)
    (-26.970    -1.355  0.1919)
    (-26.364    -1.349  0.1836)
    (-25.758    -1.343  0.1752)
    (-25.152    -1.337  0.1669)
    (-24.545    -1.325  0.1586)
    (-23.939    -1.311  0.1504)
    (-23.333    -1.293  0.1437)
    (-22.727    -1.275  0.1370)
    (-22.121    -1.257  0.1303)
    (-21.515    -1.240  0.1236)
    (-20.909    -1.220  0.1171)
    (-20.303    -1.201  0.1106)
    (-19.697    -1.181  0.1046)
    (-19.091    -1.160  0.0992)
    (-18.485    -1.139  0.0938)
    (-17.879    -1.118  0.0884)
    (-17.273    -1.097  0.0834)
    (-16.667    -1.076  0.0784)
    (-16.061    -1.055  0.0733)
    (-15.455    -1.037  0.0685)
    (-14.848    -1.019  0.0638)
    (-14.242    -1.001  0.0591)
    (-13.636    -0.986  0.0546)
    (-13.030    -0.971  0.0503)
    (-12.424    -0.957  0.0460)
    (-11.818    -0.940  0.0419)
    (-11.212    -0.917  0.0384)
    (-10.606    -0.894  0.0349)
    (-10.000    -0.872  0.0313)
    (-9.394    -0.809  0.0289)
    (-8.788    -0.747  0.0265)
    (-8.182    -0.686  0.0241)
    (-7.576    -0.614  0.0223)
    (-6.970    -0.539  0.0208)
    (-6.364    -0.463  0.0193)
    (-5.758    -0.385  0.0180)
    (-5.152    -0.303  0.0171)
    (-4.545    -0.221  0.0162)
    (-3.939    -0.138  0.0154)
    (-3.333    -0.049  0.0150)
    (-2.727    0.041  0.0146)
    (-2.121    0.130  0.0143)
    (-1.515    0.220  0.0141)
    (-0.909    0.310  0.0139)
    (-0.303    0.399  0.0139)
    ( 0.303    0.487  0.0138)
    ( 0.909    0.575  0.0138)
    ( 1.515    0.661  0.0139)
    ( 2.121    0.746  0.0140)
    ( 2.727    0.831  0.0141)
    ( 3.333    0.915  0.0143)
    ( 3.939    0.997  0.0145)
    ( 4.545    1.079  0.0148)
    ( 5.152    1.160  0.0151)
    ( 5.758    1.240  0.0154)
    ( 6.364    1.318  0.0157)
    ( 6.970    1.395  0.0161)
    ( 7.576    1.470  0.0167)
    ( 8.182    1.543  0.0172)
    ( 8.788    1.614  0.0179)
    ( 9.394    1.681  0.0187)
    (10.000    1.747  0.0195)
    (10.606    1.804  0.0208)
    (11.212    1.857  0.0224)
    (11.818    1.907  0.0245)
    (12.424    1.947  0.0275)
    (13.030    1.981  0.0310)
    (13.636    1.998  0.0363)
    (14.242    2.011  0.0420)
    (14.848    2.022  0.0482)
    (15.455    2.029  0.0547)
    (16.061    2.034  0.0614)
    (16.667    2.023  0.0696)
    (17.273    2.011  0.0777)
    (17.879    2.000  0.0858)
    (18.485    1.973  0.0961)
    (19.091    1.941  0.1069)
    (19.697    1.910  0.1177)
    (20.303    1.885  0.1288)
    (20.909    1.866  0.1402)
    (21.515    1.847  0.1516)
    (22.121    1.828  0.1631)
    (22.727    1.810  0.1744)
    (23.333    1.791  0.1856)
    (23.939    1.772  0.1972)
    (24.545    1.766  0.2089)
    (25.152    1.754  0.2206)
    (25.758    1.737  0.2324)
    (26.364    1.720  0.2441)
    (26.970    1.702  0.2559)
    (27.576    1.685  0.2676)
    (28.182    1.669  0.2793)
    (28.788    1.654  0.2909)
    (29.394    1.638  0.3025)
    (30.000    1.625  0.3141)
    (33.000    1.538  0.3736)
    (36.000    1.414  0.4372)
    (39.000    1.301  0.5036)
    (42.000    1.191  0.5712)
    (45.000    1.084  0.6395)
    (48.000    1.016  0.7079)
    (51.000    0.948  0.7755)
    (54.000    0.880  0.8416)
    (57.000    0.811  0.9062)
    (60.000    0.740  0.9670)
    (63.000    0.668  1.0243)
    (66.000    0.594  1.0781)
    (69.000    0.519  1.1274)
    (72.000    0.444  1.1700)
    (75.000    0.368  1.2077)
    (78.000    0.292  1.2401)
    (81.000    0.216  1.2649)
    (84.000    0.142  1.2826)
    (87.000    0.070  1.2943)
    (90.000    0.000  1.3000)
    (93.000    -0.049  1.2943)
    (96.000    -0.100  1.2826)
    (99.000    -0.151  1.2649)
    (102.000    -0.204  1.2401)
    (105.000    -0.257  1.2077)
    (108.000    -0.311  1.1700)
    (111.000    -0.364  1.1274)
    (114.000    -0.416  1.0781)
    (117.000    -0.467  1.0243)
    (120.000    -0.518  0.9670)
    (123.000    -0.568  0.9062)
    (126.000    -0.616  0.8416)
    (129.000    -0.664  0.7755)
    (132.000    -0.711  0.7079)
    (135.000    -0.759  0.6395)
    (138.000    -0.808  0.5712)
    (141.000    -0.858  0.5036)
    (144.000    -0.911  0.4372)
    (147.000    -0.972  0.3736)
    (150.000    -0.929  0.3122)
    (153.000    -0.835  0.2549)
    (156.000    -0.741  0.2018)
    (159.000    -0.648  0.1533)
    (162.000    -0.556  0.1100)
    (165.000    -0.463  0.0727)
    (168.000    -0.370  0.0511)
    (171.000    -0.278  0.0432)
    (174.000    -0.185  0.0382)
    (177.000    -0.093  0.0351)
    (180.000    0.000  0.0340)
