// From NREL's SOWFA
//   alpha   C_l    C_d
    (-180.000    0.000  0.0118)
    (-177.000    0.077  0.0132)
    (-174.000    0.153  0.0168)
    (-171.000    0.230  0.0227)
    (-168.000    0.306  0.0354)
    (-165.000    0.383  0.0707)
    (-162.000    0.460  0.1135)
    (-159.000    0.536  0.1632)
    (-156.000    0.613  0.2193)
    (-153.000    0.690  0.2806)
    (-150.000    0.766  0.3470)
    (-147.000    0.809  0.4181)
    (-144.000    0.783  0.4917)
    (-141.000    0.757  0.5688)
    (-138.000    0.731  0.6471)
    (-135.000    0.704  0.7264)
    (-132.000    0.674  0.8059)
    (-129.000    0.641  0.8844)
    (-126.000    0.606  0.9614)
    (-123.000    0.569  1.0364)
    (-120.000    0.527  1.1073)
    (-117.000    0.482  1.1741)
    (-114.000    0.435  1.2369)
    (-111.000    0.386  1.2946)
    (-108.000    0.333  1.3445)
    (-105.000    0.280  1.3888)
    (-102.000    0.225  1.4270)
    (-99.000    0.168  1.4565)
    (-96.000    0.112  1.4777)
    (-93.000    0.056  1.4921)
    (-90.000    -0.000  1.4995)
    (-87.000    -0.056  1.4921)
    (-84.000    -0.112  1.4777)
    (-81.000    -0.168  1.4565)
    (-78.000    -0.225  1.4270)
    (-75.000    -0.280  1.3888)
    (-72.000    -0.333  1.3445)
    (-69.000    -0.386  1.2946)
    (-66.000    -0.435  1.2369)
    (-63.000    -0.482  1.1741)
    (-60.000    -0.527  1.1073)
    (-57.000    -0.569  1.0364)
    (-54.000    -0.606  0.9614)
    (-51.000    -0.641  0.8844)
    (-48.000    -0.674  0.8059)
    (-45.000    -0.704  0.7264)
    (-42.000    -0.694  0.6471)
    (-39.000    -0.688  0.5688)
    (-36.000    -0.689  0.4917)
    (-33.000    -0.699  0.4181)
    (-30.000    -0.836  0.3077)
    (-29.394    -0.876  0.2817)
    (-28.788    -0.917  0.2558)
    (-28.182    -0.958  0.2299)
    (-27.576    -0.976  0.2148)
    (-26.970    -0.983  0.2042)
    (-26.364    -0.991  0.1935)
    (-25.758    -1.000  0.1828)
    (-25.152    -1.009  0.1720)
    (-24.545    -1.020  0.1614)
    (-23.939    -1.030  0.1513)
    (-23.333    -1.038  0.1430)
    (-22.727    -1.045  0.1347)
    (-22.121    -1.052  0.1265)
    (-21.515    -1.059  0.1182)
    (-20.909    -1.066  0.1100)
    (-20.303    -1.074  0.1017)
    (-19.697    -1.077  0.0946)
    (-19.091    -1.076  0.0887)
    (-18.485    -1.075  0.0827)
    (-17.879    -1.073  0.0770)
    (-17.273    -1.067  0.0720)
    (-16.667    -1.061  0.0671)
    (-16.061    -1.055  0.0622)
    (-15.455    -1.050  0.0576)
    (-14.848    -1.045  0.0531)
    (-14.242    -1.040  0.0486)
    (-13.636    -1.035  0.0442)
    (-13.030    -1.030  0.0400)
    (-12.424    -1.026  0.0359)
    (-11.818    -1.015  0.0318)
    (-11.212    -0.990  0.0280)
    (-10.606    -0.964  0.0241)
    (-10.000    -0.938  0.0203)
    (-9.394    -0.858  0.0177)
    (-8.788    -0.779  0.0152)
    (-8.182    -0.700  0.0125)
    (-7.576    -0.619  0.0112)
    (-6.970    -0.537  0.0104)
    (-6.364    -0.455  0.0097)
    (-5.758    -0.374  0.0091)
    (-5.152    -0.294  0.0089)
    (-4.545    -0.215  0.0087)
    (-3.939    -0.135  0.0085)
    (-3.333    -0.057  0.0084)
    (-2.727    0.021  0.0083)
    (-2.121    0.100  0.0082)
    (-1.515    0.177  0.0082)
    (-0.909    0.255  0.0082)
    (-0.303    0.332  0.0082)
    ( 0.303    0.409  0.0082)
    ( 0.909    0.486  0.0083)
    ( 1.515    0.562  0.0084)
    ( 2.121    0.638  0.0085)
    ( 2.727    0.714  0.0087)
    ( 3.333    0.789  0.0089)
    ( 3.939    0.863  0.0091)
    ( 4.545    0.937  0.0093)
    ( 5.152    1.010  0.0096)
    ( 5.758    1.083  0.0099)
    ( 6.364    1.154  0.0103)
    ( 6.970    1.225  0.0107)
    ( 7.576    1.294  0.0112)
    ( 8.182    1.362  0.0118)
    ( 8.788    1.428  0.0125)
    ( 9.394    1.492  0.0132)
    (10.000    1.555  0.0140)
    (10.606    1.613  0.0149)
    (11.212    1.670  0.0158)
    (11.818    1.724  0.0169)
    (12.424    1.772  0.0182)
    (13.030    1.817  0.0197)
    (13.636    1.852  0.0217)
    (14.242    1.880  0.0242)
    (14.848    1.898  0.0272)
    (15.455    1.900  0.0317)
    (16.061    1.892  0.0370)
    (16.667    1.847  0.0459)
    (17.273    1.801  0.0548)
    (17.879    1.756  0.0636)
    (18.485    1.699  0.0749)
    (19.091    1.640  0.0868)
    (19.697    1.581  0.0987)
    (20.303    1.534  0.1113)
    (20.909    1.497  0.1244)
    (21.515    1.461  0.1376)
    (22.121    1.425  0.1508)
    (22.727    1.388  0.1641)
    (23.333    1.352  0.1774)
    (23.939    1.316  0.1906)
    (24.545    1.287  0.2048)
    (25.152    1.260  0.2191)
    (25.758    1.237  0.2334)
    (26.364    1.213  0.2475)
    (26.970    1.190  0.2619)
    (27.576    1.168  0.2762)
    (28.182    1.147  0.2912)
    (28.788    1.129  0.3076)
    (29.394    1.111  0.3239)
    (30.000    1.094  0.3400)
    (33.000    1.031  0.4181)
    (36.000    1.014  0.4917)
    (39.000    1.007  0.5688)
    (42.000    1.007  0.6471)
    (45.000    1.006  0.7264)
    (48.000    0.963  0.8059)
    (51.000    0.916  0.8844)
    (54.000    0.866  0.9614)
    (57.000    0.813  1.0364)
    (60.000    0.753  1.1073)
    (63.000    0.689  1.1741)
    (66.000    0.622  1.2369)
    (69.000    0.551  1.2946)
    (72.000    0.476  1.3445)
    (75.000    0.399  1.3888)
    (78.000    0.321  1.4270)
    (81.000    0.241  1.4565)
    (84.000    0.160  1.4777)
    (87.000    0.080  1.4921)
    (90.000    0.000  1.4995)
    (93.000    -0.056  1.4921)
    (96.000    -0.112  1.4777)
    (99.000    -0.168  1.4565)
    (102.000    -0.225  1.4270)
    (105.000    -0.280  1.3888)
    (108.000    -0.333  1.3445)
    (111.000    -0.386  1.2946)
    (114.000    -0.435  1.2369)
    (117.000    -0.482  1.1741)
    (120.000    -0.527  1.1073)
    (123.000    -0.569  1.0364)
    (126.000    -0.606  0.9614)
    (129.000    -0.641  0.8844)
    (132.000    -0.674  0.8059)
    (135.000    -0.704  0.7264)
    (138.000    -0.731  0.6471)
    (141.000    -0.757  0.5688)
    (144.000    -0.783  0.4917)
    (147.000    -0.809  0.4181)
    (150.000    -0.766  0.3470)
    (153.000    -0.690  0.2806)
    (156.000    -0.613  0.2193)
    (159.000    -0.536  0.1632)
    (162.000    -0.460  0.1135)
    (165.000    -0.383  0.0707)
    (168.000    -0.306  0.0354)
    (171.000    -0.230  0.0227)
    (174.000    -0.153  0.0168)
    (177.000    -0.077  0.0132)
    (180.000    0.000  0.0118)
