// From NREL's SOWFA
//   alpha   C_l    C_d
    (-180.000    0.000  0.0352)
    (-177.000    0.093  0.0364)
    (-174.000    0.186  0.0395)
    (-171.000    0.280  0.0444)
    (-168.000    0.373  0.0522)
    (-165.000    0.466  0.0738)
    (-162.000    0.559  0.1111)
    (-159.000    0.653  0.1545)
    (-156.000    0.746  0.2030)
    (-153.000    0.841  0.2560)
    (-150.000    0.936  0.3133)
    (-147.000    0.980  0.3747)
    (-144.000    0.918  0.4382)
    (-141.000    0.864  0.5046)
    (-138.000    0.813  0.5721)
    (-135.000    0.763  0.6403)
    (-132.000    0.715  0.7088)
    (-129.000    0.667  0.7762)
    (-126.000    0.619  0.8424)
    (-123.000    0.570  0.9069)
    (-120.000    0.520  0.9676)
    (-117.000    0.469  1.0249)
    (-114.000    0.417  1.0786)
    (-111.000    0.364  1.1278)
    (-108.000    0.311  1.1704)
    (-105.000    0.258  1.2080)
    (-102.000    0.204  1.2404)
    (-99.000    0.152  1.2651)
    (-96.000    0.100  1.2827)
    (-93.000    0.049  1.2944)
    (-90.000    -0.000  1.3000)
    (-87.000    -0.049  1.2944)
    (-84.000    -0.100  1.2827)
    (-81.000    -0.152  1.2651)
    (-78.000    -0.204  1.2404)
    (-75.000    -0.258  1.2080)
    (-72.000    -0.311  1.1704)
    (-69.000    -0.364  1.1278)
    (-66.000    -0.417  1.0786)
    (-63.000    -0.469  1.0249)
    (-60.000    -0.520  0.9676)
    (-57.000    -0.570  0.9069)
    (-54.000    -0.619  0.8424)
    (-51.000    -0.667  0.7762)
    (-48.000    -0.715  0.7088)
    (-45.000    -0.763  0.6403)
    (-42.000    -0.850  0.5721)
    (-39.000    -0.939  0.5046)
    (-36.000    -1.031  0.4382)
    (-33.000    -1.130  0.3747)
    (-30.000    -1.251  0.2793)
    (-29.394    -1.279  0.2570)
    (-28.788    -1.307  0.2344)
    (-28.182    -1.336  0.2119)
    (-27.576    -1.344  0.1997)
    (-26.970    -1.345  0.1919)
    (-26.364    -1.345  0.1838)
    (-25.758    -1.345  0.1757)
    (-25.152    -1.345  0.1677)
    (-24.545    -1.339  0.1596)
    (-23.939    -1.322  0.1517)
    (-23.333    -1.301  0.1450)
    (-22.727    -1.281  0.1383)
    (-22.121    -1.260  0.1316)
    (-21.515    -1.240  0.1248)
    (-20.909    -1.219  0.1182)
    (-20.303    -1.198  0.1116)
    (-19.697    -1.177  0.1056)
    (-19.091    -1.155  0.1003)
    (-18.485    -1.133  0.0949)
    (-17.879    -1.110  0.0896)
    (-17.273    -1.087  0.0846)
    (-16.667    -1.064  0.0796)
    (-16.061    -1.040  0.0746)
    (-15.455    -1.020  0.0698)
    (-14.848    -0.999  0.0651)
    (-14.242    -0.979  0.0604)
    (-13.636    -0.960  0.0559)
    (-13.030    -0.942  0.0516)
    (-12.424    -0.924  0.0473)
    (-11.818    -0.905  0.0433)
    (-11.212    -0.886  0.0397)
    (-10.606    -0.866  0.0361)
    (-10.000    -0.846  0.0325)
    (-9.394    -0.788  0.0300)
    (-8.788    -0.732  0.0275)
    (-8.182    -0.675  0.0249)
    (-7.576    -0.605  0.0231)
    (-6.970    -0.529  0.0215)
    (-6.364    -0.453  0.0199)
    (-5.758    -0.375  0.0186)
    (-5.152    -0.294  0.0176)
    (-4.545    -0.213  0.0167)
    (-3.939    -0.131  0.0158)
    (-3.333    -0.041  0.0154)
    (-2.727    0.048  0.0150)
    (-2.121    0.138  0.0146)
    (-1.515    0.229  0.0144)
    (-0.909    0.319  0.0142)
    (-0.303    0.409  0.0141)
    ( 0.303    0.498  0.0141)
    ( 0.909    0.586  0.0141)
    ( 1.515    0.673  0.0142)
    ( 2.121    0.759  0.0143)
    ( 2.727    0.845  0.0144)
    ( 3.333    0.929  0.0146)
    ( 3.939    1.012  0.0148)
    ( 4.545    1.094  0.0151)
    ( 5.152    1.176  0.0154)
    ( 5.758    1.256  0.0157)
    ( 6.364    1.334  0.0161)
    ( 6.970    1.411  0.0166)
    ( 7.576    1.486  0.0171)
    ( 8.182    1.559  0.0177)
    ( 8.788    1.629  0.0184)
    ( 9.394    1.695  0.0193)
    (10.000    1.760  0.0203)
    (10.606    1.815  0.0218)
    (11.212    1.865  0.0236)
    (11.818    1.910  0.0262)
    (12.424    1.945  0.0298)
    (13.030    1.974  0.0340)
    (13.636    1.983  0.0399)
    (14.242    1.994  0.0460)
    (14.848    2.005  0.0522)
    (15.455    2.011  0.0589)
    (16.061    2.012  0.0660)
    (16.667    1.993  0.0750)
    (17.273    1.974  0.0841)
    (17.879    1.955  0.0931)
    (18.485    1.929  0.1039)
    (19.091    1.902  0.1151)
    (19.697    1.875  0.1264)
    (20.303    1.856  0.1376)
    (20.909    1.845  0.1487)
    (21.515    1.835  0.1599)
    (22.121    1.815  0.1711)
    (22.727    1.791  0.1822)
    (23.333    1.767  0.1931)
    (23.939    1.743  0.2041)
    (24.545    1.736  0.2153)
    (25.152    1.728  0.2266)
    (25.758    1.715  0.2378)
    (26.364    1.702  0.2491)
    (26.970    1.688  0.2603)
    (27.576    1.675  0.2716)
    (28.182    1.663  0.2828)
    (28.788    1.651  0.2941)
    (29.394    1.639  0.3053)
    (30.000    1.628  0.3165)
    (33.000    1.550  0.3747)
    (36.000    1.424  0.4382)
    (39.000    1.309  0.5046)
    (42.000    1.198  0.5721)
    (45.000    1.090  0.6403)
    (48.000    1.021  0.7088)
    (51.000    0.953  0.7762)
    (54.000    0.884  0.8424)
    (57.000    0.814  0.9069)
    (60.000    0.742  0.9676)
    (63.000    0.670  1.0249)
    (66.000    0.596  1.0786)
    (69.000    0.520  1.1278)
    (72.000    0.444  1.1704)
    (75.000    0.368  1.2080)
    (78.000    0.292  1.2404)
    (81.000    0.216  1.2651)
    (84.000    0.142  1.2827)
    (87.000    0.070  1.2944)
    (90.000    0.000  1.3000)
    (93.000    -0.049  1.2944)
    (96.000    -0.100  1.2827)
    (99.000    -0.152  1.2651)
    (102.000    -0.204  1.2404)
    (105.000    -0.258  1.2080)
    (108.000    -0.311  1.1704)
    (111.000    -0.364  1.1278)
    (114.000    -0.417  1.0786)
    (117.000    -0.469  1.0249)
    (120.000    -0.520  0.9676)
    (123.000    -0.570  0.9069)
    (126.000    -0.619  0.8424)
    (129.000    -0.667  0.7762)
    (132.000    -0.715  0.7088)
    (135.000    -0.763  0.6403)
    (138.000    -0.813  0.5721)
    (141.000    -0.864  0.5046)
    (144.000    -0.918  0.4382)
    (147.000    -0.980  0.3747)
    (150.000    -0.936  0.3133)
    (153.000    -0.841  0.2560)
    (156.000    -0.746  0.2030)
    (159.000    -0.653  0.1545)
    (162.000    -0.559  0.1111)
    (165.000    -0.466  0.0738)
    (168.000    -0.373  0.0522)
    (171.000    -0.280  0.0444)
    (174.000    -0.186  0.0395)
    (177.000    -0.093  0.0364)
    (180.000    0.000  0.0352)
