// From NREL's SOWFA
//   alpha   C_l    C_d
    (-180.000    0.000  0.0121)
    (-177.000    0.078  0.0134)
    (-174.000    0.155  0.0171)
    (-171.000    0.233  0.0229)
    (-168.000    0.311  0.0357)
    (-165.000    0.388  0.0709)
    (-162.000    0.466  0.1132)
    (-159.000    0.544  0.1621)
    (-156.000    0.621  0.2173)
    (-153.000    0.699  0.2778)
    (-150.000    0.776  0.3434)
    (-147.000    0.819  0.4138)
    (-144.000    0.790  0.4868)
    (-141.000    0.763  0.5632)
    (-138.000    0.735  0.6409)
    (-135.000    0.707  0.7196)
    (-132.000    0.675  0.7986)
    (-129.000    0.641  0.8766)
    (-126.000    0.606  0.9531)
    (-123.000    0.568  1.0278)
    (-120.000    0.526  1.0982)
    (-117.000    0.481  1.1648)
    (-114.000    0.434  1.2273)
    (-111.000    0.384  1.2847)
    (-108.000    0.332  1.3346)
    (-105.000    0.278  1.3787)
    (-102.000    0.223  1.4169)
    (-99.000    0.167  1.4464)
    (-96.000    0.111  1.4677)
    (-93.000    0.055  1.4822)
    (-90.000    -0.000  1.4898)
    (-87.000    -0.055  1.4822)
    (-84.000    -0.111  1.4677)
    (-81.000    -0.167  1.4464)
    (-78.000    -0.223  1.4169)
    (-75.000    -0.278  1.3787)
    (-72.000    -0.332  1.3346)
    (-69.000    -0.384  1.2847)
    (-66.000    -0.434  1.2273)
    (-63.000    -0.481  1.1648)
    (-60.000    -0.526  1.0982)
    (-57.000    -0.568  1.0278)
    (-54.000    -0.606  0.9531)
    (-51.000    -0.641  0.8766)
    (-48.000    -0.675  0.7986)
    (-45.000    -0.707  0.7196)
    (-42.000    -0.700  0.6409)
    (-39.000    -0.699  0.5632)
    (-36.000    -0.704  0.4868)
    (-33.000    -0.718  0.4138)
    (-30.000    -0.854  0.3047)
    (-29.394    -0.893  0.2793)
    (-28.788    -0.933  0.2539)
    (-28.182    -0.973  0.2287)
    (-27.576    -0.987  0.2141)
    (-26.970    -0.992  0.2040)
    (-26.364    -0.998  0.1937)
    (-25.758    -1.005  0.1832)
    (-25.152    -1.013  0.1727)
    (-24.545    -1.019  0.1626)
    (-23.939    -1.026  0.1533)
    (-23.333    -1.031  0.1451)
    (-22.727    -1.037  0.1369)
    (-22.121    -1.043  0.1287)
    (-21.515    -1.048  0.1206)
    (-20.909    -1.054  0.1124)
    (-20.303    -1.060  0.1042)
    (-19.697    -1.062  0.0971)
    (-19.091    -1.061  0.0911)
    (-18.485    -1.060  0.0851)
    (-17.879    -1.058  0.0792)
    (-17.273    -1.052  0.0742)
    (-16.667    -1.046  0.0691)
    (-16.061    -1.041  0.0640)
    (-15.455    -1.041  0.0591)
    (-14.848    -1.043  0.0541)
    (-14.242    -1.042  0.0490)
    (-13.636    -1.039  0.0442)
    (-13.030    -1.036  0.0400)
    (-12.424    -1.034  0.0357)
    (-11.818    -1.024  0.0316)
    (-11.212    -0.994  0.0278)
    (-10.606    -0.967  0.0240)
    (-10.000    -0.936  0.0202)
    (-9.394    -0.858  0.0178)
    (-8.788    -0.782  0.0155)
    (-8.182    -0.705  0.0129)
    (-7.576    -0.625  0.0116)
    (-6.970    -0.543  0.0108)
    (-6.364    -0.461  0.0100)
    (-5.758    -0.380  0.0094)
    (-5.152    -0.300  0.0092)
    (-4.545    -0.219  0.0090)
    (-3.939    -0.139  0.0088)
    (-3.333    -0.060  0.0087)
    (-2.727    0.019  0.0086)
    (-2.121    0.098  0.0085)
    (-1.515    0.176  0.0085)
    (-0.909    0.254  0.0085)
    (-0.303    0.332  0.0085)
    ( 0.303    0.409  0.0085)
    ( 0.909    0.486  0.0086)
    ( 1.515    0.563  0.0087)
    ( 2.121    0.639  0.0088)
    ( 2.727    0.715  0.0090)
    ( 3.333    0.791  0.0091)
    ( 3.939    0.866  0.0093)
    ( 4.545    0.940  0.0096)
    ( 5.152    1.014  0.0099)
    ( 5.758    1.086  0.0102)
    ( 6.364    1.158  0.0106)
    ( 6.970    1.230  0.0110)
    ( 7.576    1.299  0.0114)
    ( 8.182    1.368  0.0119)
    ( 8.788    1.434  0.0126)
    ( 9.394    1.499  0.0133)
    (10.000    1.562  0.0141)
    (10.606    1.621  0.0150)
    (11.212    1.679  0.0159)
    (11.818    1.732  0.0170)
    (12.424    1.780  0.0183)
    (13.030    1.825  0.0198)
    (13.636    1.860  0.0218)
    (14.242    1.887  0.0243)
    (14.848    1.898  0.0277)
    (15.455    1.897  0.0324)
    (16.061    1.887  0.0379)
    (16.667    1.841  0.0470)
    (17.273    1.794  0.0561)
    (17.879    1.748  0.0652)
    (18.485    1.692  0.0766)
    (19.091    1.633  0.0886)
    (19.697    1.574  0.1007)
    (20.303    1.527  0.1132)
    (20.909    1.492  0.1263)
    (21.515    1.457  0.1394)
    (22.121    1.421  0.1526)
    (22.727    1.386  0.1661)
    (23.333    1.351  0.1795)
    (23.939    1.316  0.1928)
    (24.545    1.289  0.2067)
    (25.152    1.265  0.2205)
    (25.758    1.244  0.2342)
    (26.364    1.223  0.2477)
    (26.970    1.202  0.2617)
    (27.576    1.182  0.2758)
    (28.182    1.163  0.2905)
    (28.788    1.147  0.3067)
    (29.394    1.132  0.3225)
    (30.000    1.116  0.3378)
    (33.000    1.056  0.4138)
    (36.000    1.033  0.4868)
    (39.000    1.019  0.5632)
    (42.000    1.013  0.6409)
    (45.000    1.009  0.7196)
    (48.000    0.965  0.7986)
    (51.000    0.916  0.8766)
    (54.000    0.866  0.9531)
    (57.000    0.811  1.0278)
    (60.000    0.751  1.0982)
    (63.000    0.687  1.1648)
    (66.000    0.620  1.2273)
    (69.000    0.549  1.2847)
    (72.000    0.474  1.3346)
    (75.000    0.398  1.3787)
    (78.000    0.319  1.4169)
    (81.000    0.239  1.4464)
    (84.000    0.159  1.4677)
    (87.000    0.079  1.4822)
    (90.000    0.000  1.4898)
    (93.000    -0.055  1.4822)
    (96.000    -0.111  1.4677)
    (99.000    -0.167  1.4464)
    (102.000    -0.223  1.4169)
    (105.000    -0.278  1.3787)
    (108.000    -0.332  1.3346)
    (111.000    -0.384  1.2847)
    (114.000    -0.434  1.2273)
    (117.000    -0.481  1.1648)
    (120.000    -0.526  1.0982)
    (123.000    -0.568  1.0278)
    (126.000    -0.606  0.9531)
    (129.000    -0.641  0.8766)
    (132.000    -0.675  0.7986)
    (135.000    -0.707  0.7196)
    (138.000    -0.735  0.6409)
    (141.000    -0.763  0.5632)
    (144.000    -0.790  0.4868)
    (147.000    -0.819  0.4138)
    (150.000    -0.776  0.3434)
    (153.000    -0.699  0.2778)
    (156.000    -0.621  0.2173)
    (159.000    -0.544  0.1621)
    (162.000    -0.466  0.1132)
    (165.000    -0.388  0.0709)
    (168.000    -0.311  0.0357)
    (171.000    -0.233  0.0229)
    (174.000    -0.155  0.0171)
    (177.000    -0.078  0.0134)
    (180.000    0.000  0.0121)
