// From NREL's SOWFA
//   alpha   C_l    C_d
    (-180.000    0.000  0.0137)
    (-177.000    0.080  0.0150)
    (-174.000    0.160  0.0185)
    (-171.000    0.240  0.0241)
    (-168.000    0.319  0.0373)
    (-165.000    0.399  0.0718)
    (-162.000    0.479  0.1128)
    (-159.000    0.559  0.1604)
    (-156.000    0.639  0.2141)
    (-153.000    0.719  0.2728)
    (-150.000    0.799  0.3364)
    (-147.000    0.841  0.4046)
    (-144.000    0.807  0.4753)
    (-141.000    0.775  0.5493)
    (-138.000    0.743  0.6245)
    (-135.000    0.711  0.7006)
    (-132.000    0.677  0.7769)
    (-129.000    0.641  0.8523)
    (-126.000    0.603  0.9262)
    (-123.000    0.564  0.9983)
    (-120.000    0.520  1.0663)
    (-117.000    0.475  1.1306)
    (-114.000    0.427  1.1909)
    (-111.000    0.378  1.2462)
    (-108.000    0.326  1.2942)
    (-105.000    0.272  1.3366)
    (-102.000    0.218  1.3733)
    (-99.000    0.163  1.4015)
    (-96.000    0.108  1.4219)
    (-93.000    0.054  1.4356)
    (-90.000    -0.000  1.4426)
    (-87.000    -0.054  1.4356)
    (-84.000    -0.108  1.4219)
    (-81.000    -0.163  1.4015)
    (-78.000    -0.218  1.3733)
    (-75.000    -0.272  1.3366)
    (-72.000    -0.326  1.2942)
    (-69.000    -0.378  1.2462)
    (-66.000    -0.427  1.1909)
    (-63.000    -0.475  1.1306)
    (-60.000    -0.520  1.0663)
    (-57.000    -0.564  0.9983)
    (-54.000    -0.603  0.9262)
    (-51.000    -0.641  0.8523)
    (-48.000    -0.677  0.7769)
    (-45.000    -0.711  0.7006)
    (-42.000    -0.714  0.6245)
    (-39.000    -0.722  0.5493)
    (-36.000    -0.736  0.4753)
    (-33.000    -0.758  0.4046)
    (-30.000    -0.888  0.3000)
    (-29.394    -0.925  0.2756)
    (-28.788    -0.962  0.2513)
    (-28.182    -1.000  0.2269)
    (-27.576    -1.011  0.2132)
    (-26.970    -1.010  0.2038)
    (-26.364    -1.012  0.1943)
    (-25.758    -1.013  0.1849)
    (-25.152    -1.014  0.1754)
    (-24.545    -1.016  0.1662)
    (-23.939    -1.017  0.1575)
    (-23.333    -1.020  0.1495)
    (-22.727    -1.022  0.1414)
    (-22.121    -1.024  0.1334)
    (-21.515    -1.027  0.1254)
    (-20.909    -1.029  0.1174)
    (-20.303    -1.032  0.1094)
    (-19.697    -1.032  0.1023)
    (-19.091    -1.030  0.0962)
    (-18.485    -1.029  0.0900)
    (-17.879    -1.027  0.0840)
    (-17.273    -1.023  0.0785)
    (-16.667    -1.019  0.0731)
    (-16.061    -1.015  0.0677)
    (-15.455    -1.027  0.0617)
    (-14.848    -1.041  0.0557)
    (-14.242    -1.051  0.0497)
    (-13.636    -1.057  0.0443)
    (-13.030    -1.061  0.0395)
    (-12.424    -1.066  0.0348)
    (-11.818    -1.058  0.0304)
    (-11.212    -1.015  0.0269)
    (-10.606    -0.973  0.0234)
    (-10.000    -0.930  0.0200)
    (-9.394    -0.857  0.0180)
    (-8.788    -0.786  0.0160)
    (-8.182    -0.714  0.0139)
    (-7.576    -0.637  0.0127)
    (-6.970    -0.556  0.0119)
    (-6.364    -0.475  0.0111)
    (-5.758    -0.394  0.0104)
    (-5.152    -0.312  0.0101)
    (-4.545    -0.230  0.0098)
    (-3.939    -0.148  0.0096)
    (-3.333    -0.067  0.0094)
    (-2.727    0.013  0.0093)
    (-2.121    0.093  0.0092)
    (-1.515    0.173  0.0091)
    (-0.909    0.252  0.0091)
    (-0.303    0.332  0.0091)
    ( 0.303    0.410  0.0092)
    ( 0.909    0.488  0.0092)
    ( 1.515    0.565  0.0093)
    ( 2.121    0.643  0.0094)
    ( 2.727    0.719  0.0096)
    ( 3.333    0.796  0.0097)
    ( 3.939    0.872  0.0099)
    ( 4.545    0.947  0.0102)
    ( 5.152    1.021  0.0104)
    ( 5.758    1.095  0.0108)
    ( 6.364    1.167  0.0111)
    ( 6.970    1.240  0.0115)
    ( 7.576    1.310  0.0119)
    ( 8.182    1.380  0.0124)
    ( 8.788    1.448  0.0130)
    ( 9.394    1.514  0.0136)
    (10.000    1.579  0.0143)
    (10.606    1.639  0.0152)
    (11.212    1.697  0.0161)
    (11.818    1.752  0.0172)
    (12.424    1.800  0.0186)
    (13.030    1.844  0.0201)
    (13.636    1.879  0.0222)
    (14.242    1.898  0.0252)
    (14.848    1.895  0.0299)
    (15.455    1.884  0.0355)
    (16.061    1.866  0.0417)
    (16.667    1.814  0.0517)
    (17.273    1.762  0.0616)
    (17.879    1.710  0.0715)
    (18.485    1.653  0.0836)
    (19.091    1.595  0.0961)
    (19.697    1.537  0.1087)
    (20.303    1.492  0.1214)
    (20.909    1.459  0.1341)
    (21.515    1.427  0.1468)
    (22.121    1.395  0.1596)
    (22.727    1.363  0.1726)
    (23.333    1.330  0.1855)
    (23.939    1.298  0.1983)
    (24.545    1.282  0.2108)
    (25.152    1.269  0.2233)
    (25.758    1.258  0.2356)
    (26.364    1.247  0.2479)
    (26.970    1.233  0.2608)
    (27.576    1.222  0.2736)
    (28.182    1.211  0.2870)
    (28.788    1.196  0.3023)
    (29.394    1.182  0.3172)
    (30.000    1.167  0.3320)
    (33.000    1.108  0.4046)
    (36.000    1.074  0.4753)
    (39.000    1.049  0.5493)
    (42.000    1.030  0.6245)
    (45.000    1.016  0.7006)
    (48.000    0.967  0.7769)
    (51.000    0.915  0.8523)
    (54.000    0.862  0.9262)
    (57.000    0.805  0.9983)
    (60.000    0.744  1.0663)
    (63.000    0.679  1.1306)
    (66.000    0.611  1.1909)
    (69.000    0.539  1.2462)
    (72.000    0.465  1.2942)
    (75.000    0.389  1.3366)
    (78.000    0.312  1.3733)
    (81.000    0.233  1.4015)
    (84.000    0.155  1.4219)
    (87.000    0.077  1.4356)
    (90.000    0.000  1.4426)
    (93.000    -0.054  1.4356)
    (96.000    -0.108  1.4219)
    (99.000    -0.163  1.4015)
    (102.000    -0.218  1.3733)
    (105.000    -0.272  1.3366)
    (108.000    -0.326  1.2942)
    (111.000    -0.378  1.2462)
    (114.000    -0.427  1.1909)
    (117.000    -0.475  1.1306)
    (120.000    -0.520  1.0663)
    (123.000    -0.564  0.9983)
    (126.000    -0.603  0.9262)
    (129.000    -0.641  0.8523)
    (132.000    -0.677  0.7769)
    (135.000    -0.711  0.7006)
    (138.000    -0.743  0.6245)
    (141.000    -0.775  0.5493)
    (144.000    -0.807  0.4753)
    (147.000    -0.841  0.4046)
    (150.000    -0.799  0.3364)
    (153.000    -0.719  0.2728)
    (156.000    -0.639  0.2141)
    (159.000    -0.559  0.1604)
    (162.000    -0.479  0.1128)
    (165.000    -0.399  0.0718)
    (168.000    -0.319  0.0373)
    (171.000    -0.240  0.0241)
    (174.000    -0.160  0.0185)
    (177.000    -0.080  0.0150)
    (180.000    0.000  0.0137)
