// From NREL's SOWFA
//   alpha   C_l    C_d
    (-180.000    0.000  0.2848)
    (-177.000    0.057  0.2843)
    (-174.000    0.115  0.2829)
    (-171.000    0.174  0.2806)
    (-168.000    0.232  0.2838)
    (-165.000    0.289  0.2840)
    (-162.000    0.347  0.2761)
    (-159.000    0.380  0.2769)
    (-156.000    0.364  0.2940)
    (-153.000    0.348  0.3094)
    (-150.000    0.331  0.3233)
    (-147.000    0.266  0.3501)
    (-144.000    0.250  0.3609)
    (-141.000    0.231  0.3783)
    (-138.000    0.216  0.3978)
    (-135.000    0.203  0.4181)
    (-132.000    0.190  0.4385)
    (-129.000    0.176  0.4585)
    (-126.000    0.163  0.4774)
    (-123.000    0.150  0.4972)
    (-120.000    0.138  0.5188)
    (-117.000    0.123  0.5336)
    (-114.000    0.110  0.5501)
    (-111.000    0.096  0.5689)
    (-108.000    0.082  0.5820)
    (-105.000    0.068  0.5931)
    (-102.000    0.054  0.6068)
    (-99.000    0.041  0.6188)
    (-96.000    0.028  0.6231)
    (-93.000    0.014  0.6305)
    (-90.000    0.000  0.6410)
    (-87.000    -0.014  0.6305)
    (-84.000    -0.028  0.6231)
    (-81.000    -0.040  0.6188)
    (-78.000    -0.054  0.6068)
    (-75.000    -0.068  0.5931)
    (-72.000    -0.082  0.5820)
    (-69.000    -0.096  0.5689)
    (-66.000    -0.109  0.5501)
    (-63.000    -0.123  0.5336)
    (-60.000    -0.137  0.5188)
    (-57.000    -0.150  0.4972)
    (-54.000    -0.163  0.4774)
    (-51.000    -0.176  0.4585)
    (-48.000    -0.190  0.4385)
    (-45.000    -0.203  0.4181)
    (-42.000    -0.216  0.3978)
    (-39.000    -0.231  0.3783)
    (-36.000    -0.250  0.3609)
    (-33.000    -0.266  0.3501)
    (-30.000    -0.275  0.3372)
    (-29.394    -0.270  0.3403)
    (-28.788    -0.265  0.3432)
    (-28.182    -0.261  0.3454)
    (-27.576    -0.264  0.3447)
    (-26.970    -0.271  0.3417)
    (-26.364    -0.278  0.3387)
    (-25.758    -0.286  0.3356)
    (-25.152    -0.293  0.3325)
    (-24.545    -0.301  0.3294)
    (-23.939    -0.308  0.3262)
    (-23.333    -0.317  0.3227)
    (-22.727    -0.326  0.3192)
    (-22.121    -0.335  0.3156)
    (-21.515    -0.343  0.3120)
    (-20.909    -0.349  0.3084)
    (-20.303    -0.356  0.3048)
    (-19.697    -0.357  0.3018)
    (-19.091    -0.346  0.3017)
    (-18.485    -0.350  0.3000)
    (-17.879    -0.341  0.2996)
    (-17.273    -0.340  0.2985)
    (-16.667    -0.339  0.2975)
    (-16.061    -0.330  0.2973)
    (-15.455    -0.327  0.2963)
    (-14.848    -0.322  0.2956)
    (-14.242    -0.311  0.2953)
    (-13.636    -0.302  0.2949)
    (-13.030    -0.296  0.2941)
    (-12.424    -0.281  0.2941)
    (-11.818    -0.271  0.2937)
    (-11.212    -0.254  0.2934)
    (-10.606    -0.247  0.2927)
    (-10.000    -0.241  0.2923)
    (-9.394    -0.226  0.2921)
    (-8.788    -0.202  0.2921)
    (-8.182    -0.168  0.2922)
    (-7.576    -0.140  0.2925)
    (-6.970    -0.113  0.2926)
    (-6.364    -0.084  0.2928)
    (-5.758    -0.058  0.2931)
    (-5.152    -0.031  0.2932)
    (-4.545    -0.007  0.2934)
    (-3.939    -0.002  0.2936)
    (-3.333    0.014  0.2936)
    (-2.727    0.049  0.2938)
    (-2.121    0.067  0.2940)
    (-1.515    0.083  0.2941)
    (-0.909    0.096  0.2942)
    (-0.303    0.109  0.2942)
    ( 0.303    0.124  0.2943)
    ( 0.909    0.141  0.2944)
    ( 1.515    0.159  0.2944)
    ( 2.121    0.176  0.2945)
    ( 2.727    0.194  0.2945)
    ( 3.333    0.212  0.2946)
    ( 3.939    0.229  0.2946)
    ( 4.545    0.247  0.2947)
    ( 5.152    0.265  0.2947)
    ( 5.758    0.283  0.2947)
    ( 6.364    0.301  0.2948)
    ( 6.970    0.318  0.2948)
    ( 7.576    0.337  0.2947)
    ( 8.182    0.354  0.2947)
    ( 8.788    0.373  0.2947)
    ( 9.394    0.389  0.2946)
    (10.000    0.400  0.2945)
    (10.606    0.415  0.2941)
    (11.212    0.422  0.2937)
    (11.818    0.428  0.2932)
    (12.424    0.441  0.2923)
    (13.030    0.459  0.2913)
    (13.636    0.483  0.2900)
    (14.242    0.500  0.2893)
    (14.848    0.516  0.2887)
    (15.455    0.532  0.2883)
    (16.061    0.542  0.2884)
    (16.667    0.558  0.2883)
    (17.273    0.576  0.2881)
    (17.879    0.580  0.2893)
    (18.485    0.579  0.2901)
    (19.091    0.581  0.2905)
    (19.697    0.583  0.2910)
    (20.303    0.578  0.2921)
    (20.909    0.570  0.2933)
    (21.515    0.564  0.2942)
    (22.121    0.563  0.2944)
    (22.727    0.565  0.2945)
    (23.333    0.567  0.2950)
    (23.939    0.569  0.2955)
    (24.545    0.562  0.2970)
    (25.152    0.549  0.2999)
    (25.758    0.534  0.3033)
    (26.364    0.519  0.3068)
    (26.970    0.504  0.3102)
    (27.576    0.489  0.3135)
    (28.182    0.471  0.3169)
    (28.788    0.452  0.3203)
    (29.394    0.433  0.3237)
    (30.000    0.419  0.3279)
    (33.000    0.372  0.3505)
    (36.000    0.351  0.3654)
    (39.000    0.324  0.3820)
    (42.000    0.306  0.4008)
    (45.000    0.289  0.4200)
    (48.000    0.271  0.4393)
    (51.000    0.252  0.4585)
    (54.000    0.233  0.4774)
    (57.000    0.215  0.4972)
    (60.000    0.197  0.5188)
    (63.000    0.176  0.5336)
    (66.000    0.157  0.5501)
    (69.000    0.137  0.5689)
    (72.000    0.118  0.5820)
    (75.000    0.098  0.5931)
    (78.000    0.077  0.6068)
    (81.000    0.058  0.6188)
    (84.000    0.040  0.6231)
    (87.000    0.020  0.6305)
    (90.000    0.000  0.6410)
    (93.000    -0.014  0.6305)
    (96.000    -0.028  0.6231)
    (99.000    -0.040  0.6188)
    (102.000    -0.054  0.6068)
    (105.000    -0.068  0.5931)
    (108.000    -0.082  0.5820)
    (111.000    -0.096  0.5689)
    (114.000    -0.109  0.5501)
    (117.000    -0.123  0.5336)
    (120.000    -0.137  0.5188)
    (123.000    -0.150  0.4972)
    (126.000    -0.163  0.4774)
    (129.000    -0.176  0.4585)
    (132.000    -0.190  0.4385)
    (135.000    -0.203  0.4181)
    (138.000    -0.216  0.3978)
    (141.000    -0.231  0.3783)
    (144.000    -0.250  0.3609)
    (147.000    -0.266  0.3501)
    (150.000    -0.331  0.3233)
    (153.000    -0.348  0.3094)
    (156.000    -0.364  0.2940)
    (159.000    -0.380  0.2769)
    (162.000    -0.347  0.2761)
    (165.000    -0.289  0.2840)
    (168.000    -0.231  0.2838)
    (171.000    -0.173  0.2806)
    (174.000    -0.115  0.2829)
    (177.000    -0.057  0.2843)
    (180.000    0.000  0.2848)
