// From NREL's SOWFA
//   alpha   C_l    C_d
    (-180.000    0.000  0.0220)
    (-177.000    0.072  0.0234)
    (-174.000    0.143  0.0270)
    (-171.000    0.215  0.0329)
    (-168.000    0.286  0.0571)
    (-165.000    0.358  0.0929)
    (-162.000    0.430  0.1356)
    (-159.000    0.501  0.1855)
    (-156.000    0.573  0.2416)
    (-153.000    0.644  0.3029)
    (-150.000    0.716  0.3691)
    (-147.000    0.758  0.4400)
    (-144.000    0.739  0.5133)
    (-141.000    0.720  0.5900)
    (-138.000    0.700  0.6679)
    (-135.000    0.678  0.7467)
    (-132.000    0.653  0.8256)
    (-129.000    0.624  0.9033)
    (-126.000    0.592  0.9791)
    (-123.000    0.557  1.0530)
    (-120.000    0.518  1.1225)
    (-117.000    0.475  1.1881)
    (-114.000    0.430  1.2495)
    (-111.000    0.382  1.3057)
    (-108.000    0.331  1.3543)
    (-105.000    0.278  1.3970)
    (-102.000    0.223  1.4338)
    (-99.000    0.168  1.4617)
    (-96.000    0.112  1.4814)
    (-93.000    0.056  1.4942)
    (-90.000    -0.000  1.5000)
    (-87.000    -0.056  1.4942)
    (-84.000    -0.112  1.4814)
    (-81.000    -0.168  1.4617)
    (-78.000    -0.223  1.4338)
    (-75.000    -0.278  1.3970)
    (-72.000    -0.331  1.3543)
    (-69.000    -0.382  1.3057)
    (-66.000    -0.430  1.2495)
    (-63.000    -0.475  1.1881)
    (-60.000    -0.518  1.1225)
    (-57.000    -0.557  1.0530)
    (-54.000    -0.592  0.9791)
    (-51.000    -0.624  0.9033)
    (-48.000    -0.653  0.8256)
    (-45.000    -0.678  0.7467)
    (-42.000    -0.662  0.6679)
    (-39.000    -0.645  0.5900)
    (-36.000    -0.627  0.5133)
    (-33.000    -0.612  0.4400)
    (-30.000    -0.676  0.3454)
    (-29.394    -0.696  0.3241)
    (-28.788    -0.716  0.3028)
    (-28.182    -0.737  0.2815)
    (-27.576    -0.775  0.2609)
    (-26.970    -0.821  0.2406)
    (-26.364    -0.867  0.2204)
    (-25.758    -0.913  0.2001)
    (-25.152    -0.960  0.1799)
    (-24.545    -1.011  0.1597)
    (-23.939    -1.059  0.1404)
    (-23.333    -1.073  0.1320)
    (-22.727    -1.088  0.1235)
    (-22.121    -1.102  0.1150)
    (-21.515    -1.116  0.1065)
    (-20.909    -1.130  0.0980)
    (-20.303    -1.144  0.0895)
    (-19.697    -1.152  0.0825)
    (-19.091    -1.154  0.0769)
    (-18.485    -1.156  0.0713)
    (-17.879    -1.158  0.0658)
    (-17.273    -1.156  0.0609)
    (-16.667    -1.154  0.0561)
    (-16.061    -1.153  0.0512)
    (-15.455    -1.149  0.0468)
    (-14.848    -1.146  0.0425)
    (-14.242    -1.142  0.0382)
    (-13.636    -1.130  0.0341)
    (-13.030    -1.112  0.0303)
    (-12.424    -1.094  0.0264)
    (-11.818    -1.064  0.0229)
    (-11.212    -1.008  0.0203)
    (-10.606    -0.951  0.0177)
    (-10.000    -0.894  0.0151)
    (-9.394    -0.817  0.0138)
    (-8.788    -0.739  0.0125)
    (-8.182    -0.661  0.0112)
    (-7.576    -0.583  0.0104)
    (-6.970    -0.505  0.0098)
    (-6.364    -0.427  0.0092)
    (-5.758    -0.349  0.0086)
    (-5.152    -0.272  0.0081)
    (-4.545    -0.194  0.0076)
    (-3.939    -0.117  0.0072)
    (-3.333    -0.041  0.0070)
    (-2.727    0.035  0.0069)
    (-2.121    0.111  0.0068)
    (-1.515    0.187  0.0068)
    (-0.909    0.262  0.0068)
    (-0.303    0.337  0.0069)
    ( 0.303    0.412  0.0069)
    ( 0.909    0.486  0.0070)
    ( 1.515    0.561  0.0071)
    ( 2.121    0.635  0.0072)
    ( 2.727    0.708  0.0073)
    ( 3.333    0.782  0.0075)
    ( 3.939    0.855  0.0077)
    ( 4.545    0.927  0.0079)
    ( 5.152    0.998  0.0083)
    ( 5.758    1.068  0.0087)
    ( 6.364    1.137  0.0092)
    ( 6.970    1.205  0.0098)
    ( 7.576    1.270  0.0105)
    ( 8.182    1.334  0.0112)
    ( 8.788    1.397  0.0120)
    ( 9.394    1.459  0.0129)
    (10.000    1.520  0.0137)
    (10.606    1.577  0.0147)
    (11.212    1.632  0.0157)
    (11.818    1.685  0.0168)
    (12.424    1.732  0.0183)
    (13.030    1.776  0.0198)
    (13.636    1.807  0.0221)
    (14.242    1.829  0.0251)
    (14.848    1.835  0.0291)
    (15.455    1.815  0.0353)
    (16.061    1.784  0.0424)
    (16.667    1.731  0.0524)
    (17.273    1.678  0.0625)
    (17.879    1.625  0.0725)
    (18.485    1.581  0.0831)
    (19.091    1.538  0.0938)
    (19.697    1.495  0.1045)
    (20.303    1.459  0.1156)
    (20.909    1.429  0.1271)
    (21.515    1.400  0.1387)
    (22.121    1.371  0.1502)
    (22.727    1.341  0.1612)
    (23.333    1.310  0.1723)
    (23.939    1.279  0.1837)
    (24.545    1.250  0.1975)
    (25.152    1.221  0.2117)
    (25.758    1.197  0.2258)
    (26.364    1.173  0.2400)
    (26.970    1.150  0.2542)
    (27.576    1.128  0.2683)
    (28.182    1.103  0.2844)
    (28.788    1.071  0.3052)
    (29.394    1.040  0.3256)
    (30.000    1.011  0.3468)
    (33.000    0.932  0.4400)
    (36.000    0.943  0.5133)
    (39.000    0.954  0.5900)
    (42.000    0.962  0.6679)
    (45.000    0.968  0.7467)
    (48.000    0.932  0.8256)
    (51.000    0.891  0.9033)
    (54.000    0.845  0.9791)
    (57.000    0.796  1.0530)
    (60.000    0.739  1.1225)
    (63.000    0.679  1.1881)
    (66.000    0.614  1.2495)
    (69.000    0.545  1.3057)
    (72.000    0.472  1.3543)
    (75.000    0.397  1.3970)
    (78.000    0.319  1.4338)
    (81.000    0.240  1.4617)
    (84.000    0.159  1.4814)
    (87.000    0.079  1.4942)
    (90.000    0.000  1.5000)
    (93.000    -0.056  1.4942)
    (96.000    -0.112  1.4814)
    (99.000    -0.168  1.4617)
    (102.000    -0.223  1.4338)
    (105.000    -0.278  1.3970)
    (108.000    -0.331  1.3543)
    (111.000    -0.382  1.3057)
    (114.000    -0.430  1.2495)
    (117.000    -0.475  1.1881)
    (120.000    -0.518  1.1225)
    (123.000    -0.557  1.0530)
    (126.000    -0.592  0.9791)
    (129.000    -0.624  0.9033)
    (132.000    -0.653  0.8256)
    (135.000    -0.678  0.7467)
    (138.000    -0.700  0.6679)
    (141.000    -0.720  0.5900)
    (144.000    -0.739  0.5133)
    (147.000    -0.758  0.4400)
    (150.000    -0.716  0.3691)
    (153.000    -0.644  0.3029)
    (156.000    -0.573  0.2416)
    (159.000    -0.501  0.1855)
    (162.000    -0.430  0.1356)
    (165.000    -0.358  0.0929)
    (168.000    -0.286  0.0571)
    (171.000    -0.215  0.0329)
    (174.000    -0.143  0.0270)
    (177.000    -0.072  0.0234)
    (180.000    0.000  0.0220)
