// From NREL's SOWFA
//   alpha   C_l    C_d
    (-180.000    0.000  0.0191)
    (-177.000    0.072  0.0205)
    (-174.000    0.145  0.0241)
    (-171.000    0.217  0.0300)
    (-168.000    0.290  0.0511)
    (-165.000    0.362  0.0869)
    (-162.000    0.435  0.1299)
    (-159.000    0.507  0.1802)
    (-156.000    0.579  0.2367)
    (-153.000    0.652  0.2984)
    (-150.000    0.724  0.3650)
    (-147.000    0.766  0.4363)
    (-144.000    0.747  0.5101)
    (-141.000    0.727  0.5872)
    (-138.000    0.706  0.6655)
    (-135.000    0.684  0.7446)
    (-132.000    0.658  0.8239)
    (-129.000    0.629  0.9019)
    (-126.000    0.596  0.9778)
    (-123.000    0.561  1.0518)
    (-120.000    0.521  1.1215)
    (-117.000    0.478  1.1872)
    (-114.000    0.432  1.2487)
    (-111.000    0.383  1.3050)
    (-108.000    0.332  1.3537)
    (-105.000    0.279  1.3965)
    (-102.000    0.224  1.4334)
    (-99.000    0.168  1.4614)
    (-96.000    0.112  1.4812)
    (-93.000    0.056  1.4941)
    (-90.000    -0.000  1.5000)
    (-87.000    -0.056  1.4941)
    (-84.000    -0.112  1.4812)
    (-81.000    -0.168  1.4614)
    (-78.000    -0.224  1.4334)
    (-75.000    -0.279  1.3965)
    (-72.000    -0.332  1.3537)
    (-69.000    -0.383  1.3050)
    (-66.000    -0.432  1.2487)
    (-63.000    -0.478  1.1872)
    (-60.000    -0.521  1.1215)
    (-57.000    -0.561  1.0518)
    (-54.000    -0.596  0.9778)
    (-51.000    -0.629  0.9019)
    (-48.000    -0.658  0.8239)
    (-45.000    -0.684  0.7446)
    (-42.000    -0.669  0.6655)
    (-39.000    -0.652  0.5872)
    (-36.000    -0.634  0.5101)
    (-33.000    -0.627  0.4363)
    (-30.000    -0.710  0.3369)
    (-29.394    -0.736  0.3141)
    (-28.788    -0.763  0.2912)
    (-28.182    -0.790  0.2683)
    (-27.576    -0.824  0.2489)
    (-26.970    -0.861  0.2309)
    (-26.364    -0.898  0.2131)
    (-25.758    -0.935  0.1953)
    (-25.152    -0.972  0.1776)
    (-24.545    -1.014  0.1598)
    (-23.939    -1.054  0.1424)
    (-23.333    -1.067  0.1340)
    (-22.727    -1.080  0.1255)
    (-22.121    -1.093  0.1171)
    (-21.515    -1.106  0.1086)
    (-20.909    -1.118  0.1002)
    (-20.303    -1.131  0.0917)
    (-19.697    -1.139  0.0846)
    (-19.091    -1.140  0.0790)
    (-18.485    -1.142  0.0733)
    (-17.879    -1.142  0.0678)
    (-17.273    -1.139  0.0630)
    (-16.667    -1.136  0.0581)
    (-16.061    -1.133  0.0533)
    (-15.455    -1.127  0.0491)
    (-14.848    -1.120  0.0449)
    (-14.242    -1.114  0.0408)
    (-13.636    -1.103  0.0368)
    (-13.030    -1.088  0.0329)
    (-12.424    -1.073  0.0290)
    (-11.818    -1.049  0.0254)
    (-11.212    -1.001  0.0224)
    (-10.606    -0.953  0.0194)
    (-10.000    -0.907  0.0165)
    (-9.394    -0.828  0.0148)
    (-8.788    -0.748  0.0130)
    (-8.182    -0.669  0.0113)
    (-7.576    -0.590  0.0104)
    (-6.970    -0.511  0.0098)
    (-6.364    -0.431  0.0092)
    (-5.758    -0.353  0.0086)
    (-5.152    -0.275  0.0081)
    (-4.545    -0.197  0.0077)
    (-3.939    -0.120  0.0073)
    (-3.333    -0.043  0.0072)
    (-2.727    0.033  0.0071)
    (-2.121    0.109  0.0070)
    (-1.515    0.185  0.0070)
    (-0.909    0.260  0.0070)
    (-0.303    0.336  0.0071)
    ( 0.303    0.411  0.0071)
    ( 0.909    0.486  0.0072)
    ( 1.515    0.561  0.0073)
    ( 2.121    0.635  0.0074)
    ( 2.727    0.709  0.0075)
    ( 3.333    0.783  0.0077)
    ( 3.939    0.856  0.0079)
    ( 4.545    0.928  0.0082)
    ( 5.152    1.000  0.0085)
    ( 5.758    1.070  0.0089)
    ( 6.364    1.139  0.0094)
    ( 6.970    1.208  0.0099)
    ( 7.576    1.274  0.0106)
    ( 8.182    1.339  0.0113)
    ( 8.788    1.402  0.0121)
    ( 9.394    1.464  0.0129)
    (10.000    1.525  0.0137)
    (10.606    1.582  0.0147)
    (11.212    1.638  0.0157)
    (11.818    1.691  0.0168)
    (12.424    1.738  0.0183)
    (13.030    1.783  0.0198)
    (13.636    1.815  0.0220)
    (14.242    1.839  0.0248)
    (14.848    1.852  0.0285)
    (15.455    1.839  0.0341)
    (16.061    1.815  0.0407)
    (16.667    1.764  0.0503)
    (17.273    1.714  0.0600)
    (17.879    1.663  0.0697)
    (18.485    1.615  0.0804)
    (19.091    1.567  0.0914)
    (19.697    1.520  0.1024)
    (20.303    1.481  0.1138)
    (20.909    1.449  0.1259)
    (21.515    1.417  0.1382)
    (22.121    1.386  0.1503)
    (22.727    1.354  0.1614)
    (23.333    1.320  0.1728)
    (23.939    1.286  0.1846)
    (24.545    1.256  0.1987)
    (25.152    1.228  0.2131)
    (25.758    1.204  0.2275)
    (26.364    1.180  0.2420)
    (26.970    1.157  0.2563)
    (27.576    1.134  0.2706)
    (28.182    1.111  0.2865)
    (28.788    1.080  0.3062)
    (29.394    1.051  0.3255)
    (30.000    1.024  0.3461)
    (33.000    0.944  0.4363)
    (36.000    0.954  0.5101)
    (39.000    0.964  0.5872)
    (42.000    0.971  0.6655)
    (45.000    0.976  0.7446)
    (48.000    0.940  0.8239)
    (51.000    0.898  0.9019)
    (54.000    0.851  0.9778)
    (57.000    0.801  1.0518)
    (60.000    0.744  1.1215)
    (63.000    0.682  1.1872)
    (66.000    0.617  1.2487)
    (69.000    0.548  1.3050)
    (72.000    0.474  1.3537)
    (75.000    0.398  1.3965)
    (78.000    0.320  1.4334)
    (81.000    0.240  1.4614)
    (84.000    0.160  1.4812)
    (87.000    0.080  1.4941)
    (90.000    0.000  1.5000)
    (93.000    -0.056  1.4941)
    (96.000    -0.112  1.4812)
    (99.000    -0.168  1.4614)
    (102.000    -0.224  1.4334)
    (105.000    -0.279  1.3965)
    (108.000    -0.332  1.3537)
    (111.000    -0.383  1.3050)
    (114.000    -0.432  1.2487)
    (117.000    -0.478  1.1872)
    (120.000    -0.521  1.1215)
    (123.000    -0.561  1.0518)
    (126.000    -0.596  0.9778)
    (129.000    -0.629  0.9019)
    (132.000    -0.658  0.8239)
    (135.000    -0.684  0.7446)
    (138.000    -0.706  0.6655)
    (141.000    -0.727  0.5872)
    (144.000    -0.747  0.5101)
    (147.000    -0.766  0.4363)
    (150.000    -0.724  0.3650)
    (153.000    -0.652  0.2984)
    (156.000    -0.579  0.2367)
    (159.000    -0.507  0.1802)
    (162.000    -0.435  0.1299)
    (165.000    -0.362  0.0869)
    (168.000    -0.290  0.0511)
    (171.000    -0.217  0.0300)
    (174.000    -0.145  0.0241)
    (177.000    -0.072  0.0205)
    (180.000    0.000  0.0191)
