 Initial conditions outputted from a previous simulation. Time =    300.00000000000000     
   1799.9999999999998        0.0000000000000000              550           1   300.00000000000000     
  0.61950082540269757       -113.95655553873669     
   1.0100987173112836       -113.31347321462039     
   1.4009196646229216       -112.06360153420617     
   1.7894224915162493       -110.19710164545445     
   2.1735335290542515       -107.70948749339762     
   2.5506788791854014       -104.59810784804978     
   2.9184874175990836       -100.86620727610024     
   3.2744371033260684       -96.520950106247838     
   3.6159806374482444       -91.574729961504687     
   3.9405584348981724       -86.045284420626260     
   4.2456227921647249       -79.955992264354009     
   4.5286749662406205       -73.336091341393342     
   4.7873013661350683       -66.220766588864919     
   5.0192131729568672       -58.651124389864258     
   5.2222875879890074       -50.674025056760122     
   5.3946092323872126       -42.341761103961538     
   5.5345100880525449       -33.711575972871707     
   5.6406063890243336       -24.845025083216061     
   5.7118306640429850       -15.807190217938157     
   5.7474573797218067       -6.6657677576280214     
   5.7471208208877496        2.5099402584782067     
   5.7108242409162955        11.650096251919521     
   5.6389397713807270        20.685417880092380     
   5.5321990954224773        29.548247386749825     
   5.3916754021660207        38.173559060367715     
   5.2187576018180337        46.499868919619260     
   5.0151181506791653        54.470017752329738     
   4.7826760831358879        62.031807252425089     
   4.5235569610306481        69.138478298492970     
   4.2400514344343510        75.749029489855886     
   3.9345739793783756        81.828382136703027     
   3.6096231653451412        87.347404448131925     
   3.2677445396456841        92.282812388086214     
   2.9114969282305618        96.616967525341707     
   2.5434226696241486        100.33759333510810     
   2.1660220407910069        103.43743109274924     
   1.7817319140154122        105.91385507799622     
   1.3929085088049948        107.76846463656473     
   1.0018139734051597        109.00666805213986     
  0.61060644373659823        109.63727043862040     
  0.22133317786266421        109.67207517947502     
 -0.16407365531882964        109.12550596295515     
 -0.54379895061900463        108.01425427633640     
 -0.91614480127219988        106.35695537048812     
  -1.2795291592877154        104.17389419405033     
  -1.6324833491755315        101.48674160660737     
  -1.9736487224505566        98.318320280059567     
  -2.3017727000438097        94.692399047211850     
  -2.6157044113766110        90.633514014570906     
  -2.9143901035460105        86.166814482121552     
  -3.1968684624521440        81.317931569785358     
  -3.4622659600288048        76.112867406264257     
  -3.7097923179931236        70.577902764031819     
  -3.9387361585008525        64.739521102349215     
  -4.1484608954820930        58.624347090618834     
  -4.3384009068751377        52.259097813424816     
  -4.5080580170903639        45.670544995877179     
  -4.6569983104585351        38.885486725474998     
  -4.7848492897915138        31.930727279172590     
  -4.8912973891946088        24.833063787641141     
  -4.9760858466339704        17.619278580185664     
  -5.0390129392206440        10.316136151797407     
  -5.0799305825124375        2.9503837772186055     
  -5.0987432941612703       -4.4512451349163866     
  -5.0954075217717607       -11.862025802017646     
  -5.0699313347423463       -19.255235758580653     
  -5.0223744799943244       -26.604148273910713     
  -4.9528488017263070       -33.882026286275448     
  -4.8615190255397263       -41.062117653179719     
  -4.7486039073393025       -48.117652543096220     
  -4.6143777471903356       -55.021843835434495     
  -4.4591722676719003       -61.747891452787215     
  -4.2833788550420309       -68.268991622343421     
  -4.0874511595545453       -74.558352151550963     
  -3.8719080483364587       -80.589214905932508     
  -3.6373369001185938       -86.334886793108907     
  -3.3843972255518779       -91.768780684637690     
  -3.1138245895467542       -96.864467843164533     
  -2.8264348027178929       -101.59574356209356     
  -2.5231283372498221       -105.93670786229801     
  -2.2048949079576876       -109.86186321661596     
  -1.8728181416329657       -113.34623137653686     
  -1.5280802365998827       -116.36549144158192     
  -1.1719664894989876       -118.89614132128735     
 -0.80586953751763690       -120.91568466873562     
 -0.43129313166730260       -122.40284518456224     
  -4.9855220632542052E-002  -123.33780986760627     
  0.33670991402436751       -123.70250228482462     
  0.72655077056880746       -123.48088620763313     
   1.1176993262573027       -122.65929897288035     
   1.5080736970823294       -121.22681263622705     
   1.8954831601569251       -119.17561936532255     
   2.2776359561266291       -116.50143555880240     
   2.6521502857704520       -113.20391689102730     
   3.0165688864787179       -109.28707392645238     
   3.3683775136266925       -104.75967522638859     
   3.7050275525573015       -99.635622149297291     
   4.0239628440949220       -93.934277053137635     
   4.3226506183553068       -87.680724636024195     
   4.5986162006861635       -80.905945037918272     
   4.8494808883450098       -73.646877427022801     
   5.0730021123280906       -65.946354437656481     
   5.2671147178810553       -57.852891252923108     
   5.4299719477135158       -49.420318425756619     
   5.5599845250176925       -40.707254586751510     
   5.6558561393987734       -31.776423630428191     
   5.7166136623631312       -22.693830188852981     
   5.7416305740169413       -13.527816375950245     
   5.7306423685033741       -4.3480309918496314     
   5.6837531055063035        4.7756512892872758     
   5.6014327562421142        13.774219498989197     
   5.4845055092937569        22.580582798926621     
   5.3341297009178330        31.130554278843164     
   5.1517704623284883        39.363727934934509     
   4.9391664910348592        47.224222136195500     
   4.6982925375279132        54.661271803223990     
   4.4313192634181888        61.629660948799881     
   4.1405720958517707        68.089996235906199     
   3.8284905860777876        74.008829964454549     
   3.4975895674354565        79.358646838590630     
   3.1504230981307768        84.117732864942610     
   2.7895518163406945        88.269947090170447     
   2.4175140336066989        91.804418039752889     
   2.0368007427007484        94.715186815215560     
   1.6498347152743733        97.000817533146900     
   1.2589538822971791        98.663992743976209     
  0.86639905162586439        99.711106857277230     
  0.47430565003150521        100.15186564370450     
   8.4698705457719570E-002   99.998896393994272     
 -0.30051002444699215        99.267372560770013     
 -0.67952378835637239        97.974658366270106     
  -1.0506619584893380        96.139980946945883     
  -1.4123603797780211        93.784137619117004     
  -1.7631703347623280        90.929242417463243     
  -2.1017555237906054        87.598510011229706     
  -2.4268869821399193        83.816069201723352     
  -2.7374366194960533        79.606795625936442     
  -3.0323706521761848        74.996155737984438     
  -3.3107442478002258        70.010060659687753     
  -3.5716981198751045        64.674735724788974     
  -3.8144568327413513        59.016615380900262     
  -4.0383276758590902        53.062270966580272     
  -4.2426986116411829        46.838371297029965     
  -4.4270342130795113        40.371666643184511     
  -4.5908695206198971        33.688980561530464     
  -4.7338028748287542        26.817194726708586     
  -4.8554894526452710        19.783219552694142     
  -4.9556370924904387        12.613954327836337     
  -5.0340050850355507        5.3362492701336111     
  -5.0904053715996698       -2.0231161864754439     
  -5.1247046413187567       -9.4374304177131059     
  -5.1368256180280909       -16.880023974011568     
  -5.1267464594196319       -24.324232897653271     
  -5.0944983122546716       -31.743366384519305     
  -5.0401621004123243       -39.110690522124941     
  -4.9638660638364156       -46.399431140678786     
  -4.8657852487233431       -53.582789994826825     
  -4.7461433156361554       -60.633964043639317     
  -4.6052161778453655       -67.526159095053828     
  -4.4433365450265390       -74.232594629730926     
  -4.2608985483394735       -80.726502434456364     
  -4.0583620405425789       -86.981124757882540     
  -3.8362565299546634       -92.969717786477560     
  -3.5951847641230552       -98.665565442990584     
  -3.3358258023632099       -104.04200886271721     
  -3.0589373984816230       -109.07249819167816     
  -2.7653579492679619       -113.73067325703192     
  -2.4560089343441689       -117.99047555378793     
  -2.1318991683608490       -121.82628559345635     
  -1.7941318941823310       -125.21307171994518     
  -1.4439144399064761       -128.12653676870133     
  -1.0825681244508760       -130.54326031513119     
 -0.71153489655601498       -132.44085175688187     
 -0.33237822874067541       -133.79814292965651     
   5.3221431896624503E-002  -134.59544675939861     
  0.44347347571980494       -134.81488890913312     
  0.83648178813175234       -134.44079219361578     
   1.2302444462445197       -133.46007542632682     
   1.6226495777605232       -131.86263263539661     
   2.0114722755214434       -129.64168329665773     
   2.3943784303523836       -126.79411191494772     
   2.7689388103448906       -123.32082623568806     
   3.1326524104084301       -119.22715041381667     
   3.4829748231846347       -114.52324203533837     
   3.8173469450035689       -109.22449722794802     
   4.1332214374971192       -103.35189807338321     
   4.4280873348412486       -96.932261510938915     
   4.6994955241649725       -89.998362321862587     
   4.9450889311802397       -82.588918698585246     
   5.1626407869854614       -74.748443761189563     
   5.3501017858841688       -66.526975474208896     
   5.5056524265627758       -57.979694760050421     
   5.6277525352333484       -49.166426627173074     
   5.7151793413091534       -40.151002283683646     
   5.7670500820474713       -31.000457951529022     
   5.7828322577099627       -21.784067312361149     
   5.7623489894881121       -12.572241398860568     
   5.7057850715694629       -3.4353627233877222     
   5.6136929248991914        5.5573674336818160     
   5.4869918977008965        14.339001828326216     
   5.3269534387546909        22.845800288897721     
   5.1351689371006604        31.018050392068979     
   4.9135034595217002        38.800759758293793     
   4.6640433957621159        46.144225534191378     
   4.3890467369710962        53.004476205810739     
   4.0909013439892883        59.343567653823165     
   3.7720912558280424        65.129711085895366     
   3.4351669475215050        70.337222661467095     
   3.0827147072505587        74.946310431262432     
   2.7173229689209522        78.942741019638149     
   2.3415474245334074        82.317441914673381     
   1.9578794360545280        85.066088738992335     
   1.5687222218757224        87.188705345950950     
   1.1763768641595744        88.689280203308755     
  0.78303694630447263        89.575387007882341     
  0.39078828151882344        89.857796204194813     
   1.6096920664001846E-003   89.550074687684159     
 -0.38262792838074583        88.668185775684819     
 -0.76016485857342286        87.230111888842387     
  -1.1293567320274207        85.255522877481070     
  -1.4886773820758907        82.765503533665523     
  -1.8367184258110956        79.782339300313240     
  -2.1721849016182482        76.329346193922376     
  -2.4938877291241059        72.430724763754242     
  -2.8007348016130167        68.111420264910194     
  -3.0917227915398051        63.396980134368974     
  -3.3659312323524992        58.313410918542203     
  -3.6225194050411016        52.887045209640000     
  -3.8607254385169267        47.144431643365252     
  -4.0798662598553692        41.112257050804899     
  -4.2793368704665058        34.817301653970006     
  -4.4586078823881241        28.286419569605208     
  -4.6172210848998887        21.546531487960845     
  -4.7547836651770865        14.624616154701656     
  -4.8709622601540978        7.5476918474736143     
  -4.9654781091238824       0.34278625869670554     
  -5.0381042261999882       -6.9630997665802346     
  -5.0886648701565411       -14.343024812318195     
  -5.1170368758249074       -21.770125679929198     
  -5.1231518575755253       -29.217616120417933     
  -5.1069980916072328       -36.658765852643128     
  -5.0686211170921984       -44.066867089321221     
  -5.0081226990476226       -51.415200185776726     
  -4.9256585466601148       -58.677010055487258     
  -4.8214357852780632       -65.825500603653822     
  -4.6957114026049886       -72.833847487227871     
  -4.5487926587158229       -79.675222939321472     
  -4.3810398745123234       -86.322822812468900     
  -4.1928713094232641       -92.749886675039065     
  -3.9847692304905187       -98.929706430361165     
  -3.7572859398640777       -104.83562597717481     
  -3.5110485900139028       -110.44104158242088     
  -3.2467621237192836       -115.71941724289485     
  -2.9652105322660121       -120.64432909502189     
  -2.6672575298623258       -125.18954718060745     
  -2.3538482591543399       -129.32915349358817     
  -2.0260134315039098       -133.03768646432286     
  -1.6848763755786180       -136.29029838704071     
  -1.3316622267466789       -139.06291579496406     
 -0.96770750435744068       -141.33240175358995     
 -0.59446797982047850       -143.07672932316763     
 -0.21352309919818663       -144.27518283494672     
  0.17342384033333985       -144.90860527483841     
  0.56454924212767754       -144.95970443323711     
  0.95791464106737800       -144.41341773466354     
   1.3514715436479405       -143.25731951055346     
   1.7430640749449935       -141.48204284446931     
   2.1304302041801568       -139.08168908128701     
   2.5112049277911752       -136.05421250026507     
   2.8829297821480737       -132.40178600153328     
   3.2430716106149582       -128.13116271469283     
   3.5890505916206652       -123.25404220824738     
   3.9182748579618361       -117.78743313322308     
   4.2281775198287370       -111.75398501860992     
   4.5162517362920473       -105.18224609988278     
   4.7800812684086864       -98.106796893122279     
   5.0173681073797223       -90.568218981139992     
   5.2259630934437933       -82.612887431175253     
   5.4039053494253642       -74.292608170587684     
   5.5494701027106856       -65.664133962616873     
   5.6612170044937082       -56.788576609153708     
   5.7380293075545419       -47.730708715777048     
   5.7791387900357822       -38.558141149525113     
   5.7841365213735125       -29.340375233929485     
   5.7529723249257296       -20.147746812868675     
   5.6859480928127049       -11.050296013506092     
   5.5837116531891233       -2.1166186655444847     
   5.4472537120320332        6.5872217500851891     
   5.2779008439017154        14.998645064468224     
   5.0772930873543309        23.059333338006571     
   4.8473427166606839        30.715853632272182     
   4.5901828016414621        37.920154471907288     
   4.3081166428019095        44.629940498419181     
   4.0035723568740025        50.808909471628802     
   3.6790624400165419        56.426846128865876     
   3.3371498149463439        61.459581724886647     
   2.9804214668470981        65.888819489217752     
   2.6114646737867471        69.701819665923878     
   2.2328380190002073        72.890969831096058     
   1.8470368845972798        75.453314001252352     
   1.4564630299598647        77.390114884084696     
   1.0634073921902480        78.706465818027382     
  0.67004502965052115        79.410916491838137     
  0.27843415002838723        79.515084623406750     
 -0.10948529551833779        79.033268378886618     
 -0.49189116116422926        77.982086588589851     
 -0.86707462093687426        76.380144478316339     
  -1.2334354109317602        74.247704155903577     
  -1.5894824886435088        71.606366573410853     
  -1.9338394797131853        68.478809324656552     
  -2.2652471439463469        64.888614348979061     
  -2.5825564547199917        60.860162621100770     
  -2.8847147785923926        56.418532906017667     
  -3.1707538930776424        51.589365517373075     
  -3.4397853229276540        46.398711070714661     
  -3.6910001238966594        40.872910099270811     
  -3.9236666167763068        35.038517658868770     
  -4.1371242378529729        28.922243667125493     
  -4.3307783545756182        22.550880562700797     
  -4.5041011762139354        15.951232210993147     
  -4.6566370050757184        9.1500865219986949     
  -4.7880039974026936        2.1742484175219201     
  -4.8978869322203851       -4.9494074140599276     
  -4.9860244782238263       -12.193928946988162     
  -5.0522006671135884       -19.532346641367148     
  -5.0962467500484729       -26.937751626995247     
  -5.1180497300956755       -34.383319703369793     
  -5.1175581422960654       -41.842266151991481     
  -5.0947791027020974       -49.287796373513565     
  -5.0497690968502491       -56.693114255657200     
  -4.9826303172196234       -64.031456795575792     
  -4.8935239506013941       -71.276086151327476     
  -4.7826856153153789       -78.400245205490350     
  -4.6504112161186750       -85.377098450291044     
  -4.4970334644862655       -92.179658632545710     
  -4.3229443124990814       -98.780869480642181     
  -4.1286191384603530       -105.15393832865945     
  -3.9145721041346202       -111.27228271706112     
  -3.6813378420652092       -117.10924665450615     
  -3.4295409899446341       -122.63814179270202     
  -3.1599222205273856       -127.83240843990467     
  -2.8732881569566366       -132.66567965656955     
  -2.5705053739651853       -137.11194531442678     
  -2.2525397419926403       -141.14557661340254     
  -1.9204664539597978       -144.74134441751906     
  -1.5754576896122940       -147.87460278704700     
  -1.2187814191663713       -150.52151568933371     
 -0.85180958070654045       -152.65921638432391     
 -0.47602775619804560       -154.26594926059113     
  -9.3046590090066272E-002  -155.32128150461568     
  0.29538934747140816       -155.80642264578904     
  0.68740259319222741       -155.70462110398154     
   1.0809939731067575       -155.00156323053568     
   1.4740551812927252       -153.68572550080239     
   1.8643733209061346       -151.74870149195101     
   2.2496283820043970       -149.18556987620431     
   2.6273957659457525       -145.99534259641791     
   2.9951639656534366       -142.18145581935087     
   3.3503634934841382       -137.75221680071814     
   3.6903935259077465       -132.72115597072968     
   4.0126394250083335       -127.10731920936097     
   4.3144901116848020       -120.93556528557724     
   4.5933704559135986       -114.23685818309292     
   4.8467914626784898       -107.04844507003739     
   5.0724028733179356       -99.413815315167412     
   5.2680306632614373       -91.382455412972519     
   5.4317003734294360       -83.009510409703182     
   5.5616651222725118       -74.355410800024544     
   5.6564517842096809       -65.485385717654779     
   5.7149157922939908       -56.468740045544685     
   5.7362833873992658       -47.377886847609844     
   5.7201747454134866       -38.287247621992414     
   5.6666219566110563       -29.272104040812344     
   5.5760937355919094       -20.407365600563839     
   5.4495167428443931       -11.766200075757780     
   5.2882721789474090       -3.4186022999257535     
   5.0941620823801399        4.5699192101751915     
   4.8693622644046837        12.139420496413802     
   4.6163797186293314        19.236391459690022     
   4.3380129357788544        25.814484205274656     
   4.0373004667321437        31.835079785120055     
   3.7174517279097028        37.267597648214782     
   3.3817710515755994        42.089496716870215     
   3.0335901224534187        46.286021093644152     
   2.6762129833987989        49.849785424218183     
   2.3128672871747971        52.780251220705530     
   1.9466568590131559        55.083095306526630     
   1.5805191633583209        56.769479241089954     
   1.2171951999704853        57.855273109077316     
  0.85921458250452676        58.360307433700804     
  0.50889117815751883        58.307699555451187     
  0.16832223264988810        57.723255570043115     
 -0.16061251735453599        56.634926152697865     
 -0.47625034650789599        55.072303987097612     
 -0.77714068837668682        53.066171074214239     
  -1.0620351366626253        50.648112022085293     
  -1.3298744438757133        47.850199384609610     
  -1.5797755056721730        44.704741539239997     
  -1.8110197920954438        41.244076482006470     
  -2.0230426389699390        37.500399617699742     
  -2.2154221046476072        33.505622918463423     
  -2.3878670207556518        29.291267616933489     
  -2.5402052544116813        24.888389734653554     
  -2.6723737153456200        20.327531110755999     
  -2.7844109181089891        15.638684454304506     
  -2.8764516717245967        10.851262521257700     
  -2.9487227504320752        5.9940670886431056     
  -3.0015386596812275        1.0952585098605092     
  -3.0352974695899619       -3.8176720740599475     
  -3.0504773658744719       -8.7179283030611465     
  -3.0476345748075460       -13.579435940096690     
  -3.0274027893457975       -18.376877664107901     
  -2.9904936984803072       -23.085739965997600     
  -2.9376981279092189       -27.682374590382604     
  -2.8698876031192264       -32.144075820433407     
  -2.7880164437421318       -36.449175768062254     
  -2.6931244241652328       -40.577161625202876     
  -2.5863395904820297       -44.508819502161764     
  -2.4688803476991139       -48.226407823259478     
  -2.3420557686597703       -51.713859873694730     
  -2.2072632656142361       -54.957011703462115     
  -2.0659830370289951       -57.943849348335092     
  -1.9197687707103412       -60.664767788341898     
  -1.7702339372020501       -63.112831764120919     
  -1.6190329103070009       -65.284024605013812     
  -1.4678363832080703       -67.177466311579636     
  -1.3183011475687141       -68.795578178449176     
  -1.1720350721309276       -70.144169915741145     
  -1.0305588402926893       -71.232427092870552     
 -0.89526660890143595       -72.072781591884223     
 -0.76738824107959458       -72.680655468984710     
 -0.64795607122936960       -73.074079113389914     
 -0.53777909879643049       -73.273197050873890     
 -0.43742694758459949       -73.299687094847130     
 -0.34722494130553522       -73.176128138502179     
 -0.26726047675970377       -72.925356763127070     
 -0.19739977404849429       -72.569852500232486     
 -0.13731319768617559       -72.131186665833766     
  -8.6506741726486286E-002  -71.629561355586020     
  -4.4356998641814437E-002  -71.083454874512071     
  -1.0146999061533447E-002  -70.509379188930765     
   1.6899333832218033E-002  -69.921745484755860     
   3.7585837108672575E-002  -69.332826682285045     
   5.2717000646438389E-002  -68.752801198634415     
   6.3075679198800319E-002  -68.189860204592804     
   6.9405740107273448E-002  -67.650360621277613     
   7.2399412802092236E-002  -67.139007558678856     
   7.2688873918883651E-002  -66.659052229033918     
   7.0841475227253023E-002  -66.212494066930503     
   6.7357978543618593E-002  -65.800278476550758     
   6.2673177533348889E-002  -65.422484064887669     
   5.7158338315828110E-002  -65.078495287474937     
   5.1124961288448421E-002  -64.767158096238958     
   4.4829442939280255E-002  -64.486917458326317     
   3.8478290522922350E-002  -64.235936559943084     
   3.2233609774332130E-002  -64.012198181104822     
   2.6218644379609329E-002  -63.813589186079220     
   2.0523195535267800E-002  -63.637969373417484     
   1.5208791452205368E-002  -63.483226111730858     
   1.0313511354666915E-002  -63.347316285023581     
   5.8563976784544967E-003  -63.228297107324714     
   1.8414148961097279E-003  -63.124347355989499     
  -1.7390654953864529E-003  -63.033780526430988     
  -4.9012563045767897E-003  -62.955051334953119     
  -7.6674096904633627E-003  -62.886756896001529     
  -1.0063711085566652E-002  -62.827633780390983     
  -1.2118577780371346E-002  -62.776552027072078     
  -1.3861321399992110E-002  -62.732507038347102     
  -1.5321129660111591E-002  -62.694610142921547     
  -1.6526321421069277E-002  -62.662078468396892     
  -1.7503829826053537E-002  -62.634224629768376     
  -1.8278870792501227E-002  -62.610446617229599     
  -1.8874757866962306E-002  -62.590218157948435     
  -1.9312828998545604E-002  -62.573079734074710     
  -1.9612455719595301E-002  -62.558630363481768     
  -1.9791110194382056E-002  -62.546520190066246     
  -1.9864470335918649E-002  -62.536443885499601     
  -1.9846547508050070E-002  -62.528134832324305     
  -1.9749825111150004E-002  -62.521360037142067     
  -1.9585399545956290E-002  -62.515915710231894     
  -1.9363117662890447E-002  -62.511623442255612     
  -1.9091706871138425E-002  -62.508326907958406     
  -1.8778895662803982E-002  -62.505889029423912     
  -1.8431523473343391E-002  -62.504189536257805     
  -1.8055639624281587E-002  -62.503122866087431     
  -1.7656591648115227E-002  -62.502596355265787     
  -1.7239103641242082E-002  -62.502528676156537     
  -1.6807345482590698E-002  -62.502848483528595     
  -1.6364993837974764E-002  -62.503493238210673     
  -1.5915285877804403E-002  -62.504408181154169     
  -1.5461066595608804E-002  -62.505545435403477     
  -1.5004830546513210E-002  -62.506863217195480     
  -1.4548758742707243E-002  -62.508325140553062     
  -1.4094751356408648E-002  -62.509899602362545     
  -1.3644456796181642E-002  -62.511559237098673     
  -1.3199297643397938E-002  -62.513280432148903     
  -1.2760493864240498E-002  -62.515042896153609     
  -1.2329083649614533E-002  -62.516829273973443     
  -1.1905942180668800E-002  -62.518624802869006     
  -1.1491798571028654E-002  -62.520417005271476     
  -1.1087251197537626E-002  -62.522195414170746     
  -1.0692781598312504E-002  -62.523951327677452     
  -1.0308767089720963E-002  -62.525677589751119     
  -9.9354922314337114E-003  -62.527368394448665     
  -9.5731592501907634E-003  -62.529019111347104     
  -9.2218975179305940E-003  -62.530626130048695     
  -8.8817721677815157E-003  -62.532186721892110     
  -8.5527919212737159E-003  -62.533698917179095     
  -8.2349161920703667E-003  -62.535161396386201     
  -7.9280615249620531E-003  -62.536573393974386     
  -7.6321074233847855E-003  -62.537934613534219     
  -7.3469016141273335E-003  -62.539245153117633     
  -7.0722647942243755E-003  -62.540505439709754     
  -6.8079949017753267E-003  -62.541716171887366     
  -6.5538709496533558E-003  -62.542878269794521     
  -6.3096564586276960E-003  -62.543992831646158     
  -6.0751025241835141E-003  -62.545061096040797     
  -5.8499505491906197E-003  -62.546084409431636     
  -5.6339346725693684E-003  -62.547064198165970     
  -5.4267839221786452E-003  -62.548001944560490     
  -5.2282241180394559E-003  -62.548899166534007     
  -5.0379795497688742E-003  -62.549757400366296     
  -4.8557744502338730E-003  -62.550578186197569     
  -4.6813342850755427E-003  -62.551363055928576     
  -4.5143868745236605E-003  -62.552113523214757     
  -4.3546633627639230E-003  -62.552831075281041     
  -4.2018990491537759E-003  -62.553517166330636     
  -4.0558340879187100E-003  -62.554173212341240     
  -3.9162140650134351E-003  -62.554800587025071     
  -3.7827904742365063E-003  -62.555400618839464     
  -3.6553210854799278E-003  -62.555974588967572     
  -3.5335701958247117E-003  -62.556523729869390     
  -3.4173088581889500E-003  -62.557049224421512     
  -3.3063150696007191E-003  -62.557552206255302     
  -3.2003737565835205E-003  -62.558033759624465     
  -3.0992769742738515E-003  -62.558494918220205     
  -3.0028245107726311E-003  -62.558936669012738     
  -2.9108233287296783E-003  -62.559359953861772     
  -2.8230884166059933E-003  -62.559765656462154     
  -2.7394459858988991E-003  -62.560154617211381     
  -2.6597288988163287E-003  -62.560527660318463     
  -2.5837798058148276E-003  -62.560885503321273     
  -2.5114759642568662E-003  -62.561228779764697     
  -2.4426783194030533E-003  -62.561558302731655     
  -2.3772571690803246E-003  -62.561874609928651     
  -2.3153136647479089E-003  -62.562177649638933     
  -2.2568364390649458E-003  -62.562468767121665     
  -2.2011451705888363E-003  -62.562749121797395     
  -2.1511532898443736E-003  -62.563011490262014     
  -2.1171626979224925E-003  -62.563235647534839     
