 Initial conditions outputted from a previous simulation. Time =    77.050849651611813     
   1799.9999999999998        0.0000000000000000              550           1   77.050849651611813     
  -1.6818476994852720        106.05437569474519     
  -2.0211052352757259        102.81618628194123     
  -2.3471437548333363        99.124129465286856     
  -2.6588267988913707        95.002697272499404     
  -2.9551129728547831        90.477198273129389     
  -3.2350548660981842        85.573308979845379     
  -3.4977916573676966        80.317073811991150     
  -3.7425449180934613        74.734807176227889     
  -3.9686145649108551        68.853014656344371     
  -4.1753746949794976        62.698335355615683     
  -4.3622698237107764        56.297494421259628     
  -4.5288114155652037        49.677266768667423     
  -4.6745747461548461        42.864450136283700     
  -4.7991961142979136        35.885845994096861     
  -4.9023704087148046        28.768247129394858     
  -4.9838490352089533        21.538430752883297     
  -5.0434382070106647        14.223156078810252     
  -5.0809975992328908        6.8491654171158611     
  -5.0964393676293991      -0.55681212145704606     
  -5.0897275314060417       -7.9680551555670283     
  -5.0608777197706507       -15.357843612578336     
  -5.0099572820609470       -22.699452152045911     
  -4.9370857615221677       -29.966144225372382     
  -4.8424357330029899       -37.131167576200077     
  -4.7262340048748692       -44.167752014381861     
  -4.5887631852246882       -51.049110340343098     
  -4.4303636116835632       -57.748443356190272     
  -4.2514356429762428       -64.238949974935494     
  -4.0524423082281054       -70.493843529179912     
  -3.8339123070432923       -76.486375484834824     
  -3.5964433491358472       -82.189867882536319     
  -3.3407058165855883       -87.577755957288034     
  -3.0674467243036370       -92.623642522259146     
  -2.7774939446922975       -97.301365840994720     
  -2.4717606504123881       -101.58508284696840     
  -2.1512499142496218       -105.44936969153019     
  -1.8170593869271565       -108.86934169898808     
  -1.4703859520046350       -111.82079486532845     
  -1.1125302314682655       -114.28037103533543     
 -0.74490078612709232       -116.22574880727102     
 -0.36901782157500401       -117.63586201552646     
   1.3483826329809838E-002  -118.49114729547577     
  0.40085269192131007       -118.77382170258782     
  0.79121997211947737       -118.46819059832785     
   1.1826004562565084       -117.56098498711293     
   1.5728954741696244       -116.04172615444588     
   1.9598982704629675       -113.90311378965295     
   2.3413022264682857       -111.14143176937155     
   2.7147123454705064       -107.75696345084583     
   3.0776603843651467       -103.75440573818412     
   3.4276239490550511       -99.143268452699857     
   3.7620497652070033       -93.938242834005706     
   4.0783811858969310       -88.159520560713247     
   4.3740898018010457       -81.833042808317089     
   4.6467107812774406       -74.990657901132920     
   4.8938812963661071       -67.670166420997077     
   5.1133811028256613       -59.915234528123968     
   5.3031740611703553       -51.775159953423163     
   5.4614491402319434       -43.304480700283122     
   5.5866592667952366       -34.562423793400669     
   5.6775563046686068       -25.612200027909431     
   5.7332204879639477       -16.520159953490019     
   5.7530828086251047       -7.3548354324578629     
   5.7369391641840242        1.8141008969463983     
   5.6849554881770858        10.916919933387288     
   5.5976635769233445        19.884922606942808     
   5.4759478457214588        28.651486796116131     
   5.3210237439926518        37.153035874782297     
   5.1344089849717740        45.329895832026558     
   4.9178890641334450        53.127015732184297     
   4.6734787297455238        60.494535315515137     
   4.4033811238612133        67.388192844652934     
   4.1099462434973546        73.769575020485846     
   3.7956302025417230        79.606218249864341     
   3.4629565349812892        84.871576315370064     
   3.1144805011630652        89.544873395421732     
   2.7527570703941660        93.610863454729525     
   2.3803129792730999        97.059517481245422     
   1.9996230228690561        99.885659199630538     
   1.6130905353584977        102.08856809765763     
   1.2230318619007103        103.67156620787186     
  0.83166451342632453        104.64160239775526     
  0.44109862631190844        105.00884518330679     
   5.3331313377533877E-002   104.78629247374541     
 -0.32975651572583786        103.98940429758365     
 -0.70640127477095671        102.63576251842970     
  -1.0749561459456327        100.74475984694358     
  -1.4338891989829055        98.337319087849252     
  -1.7817804946079017        95.435642502620198     
  -2.1173184419236519        92.062990383039121     
  -2.4392956397567040        88.243487377102696     
  -2.7466043948578780        84.001954745185387     
  -3.0382320761160697        79.363766512057353     
  -3.3132564340446722        74.354727384503136     
  -3.5708409888591701        69.000970295080279     
  -3.8102305683719369        63.328871485164832     
  -4.0307470584326417        57.364981134767824     
  -4.2317854134051016        51.135967666810494     
  -4.4128099618224725        44.668573987386168     
  -4.5733510325245730        37.989584061816423     
  -4.7130019188912344        31.125798362264543     
  -4.8314161929068939        24.104016851476839     
  -4.9283053764195088        16.951028285546649     
  -5.0034369738204401        9.6936047242150334     
  -5.0566328682330965        2.3585002287309194     
  -5.0877680819492932       -5.0275471961421330     
  -5.0967699011114211       -12.437811298212788     
  -5.0836173643457192       -19.845571748712722     
  -5.0483411150641677       -27.224107594684295     
  -4.9910236173385352       -34.546690785466396     
  -4.9117997354856655       -41.786580567311475     
  -4.8108576776661405       -48.917019557321630     
  -4.6884403037631142       -55.911232340731800     
  -4.5448467974406395       -62.742427484083706     
  -4.3804347014334484       -69.383803920919604     
  -4.1956223136243755       -75.808562745985540     
  -3.9908914391216963       -81.989925547921800     
  -3.7667904901195177       -87.901160517750071     
  -3.5239379205239585       -93.515617688826083     
  -3.2630259758061562       -98.806774789388342     
  -2.9848247298673205       -103.74829531541832     
  -2.6901863693616432       -108.31410055097753     
  -2.3800496713884636       -112.47845736528315     
  -2.0554446022722246       -116.21608368937510     
  -1.7174969430069524       -119.50227361022635     
  -1.3674328208743058       -122.31304401004850     
  -1.0065829973019007       -124.62530462150755     
 -0.63638673046610605       -126.41705326543297     
 -0.25839499929638160       -127.66759788005982     
  0.12572715470274126       -128.35780671702170     
  0.51419943866915752       -128.47038772063576     
  0.90512656711871553       -127.99019754429152     
   1.2965002823166210       -126.90457978407581     
   1.6862034656936555       -125.20373070777397     
   2.0720166798247135       -122.88108893389318     
   2.4516274830284432       -119.93374314479091     
   2.8226428479474319       -116.36284907545388     
   3.1826049818508144       -112.17404389146841     
   3.5290107785268563       -107.37784294650334     
   3.8593350215869764       -101.99000116277365     
   4.1710573070968264       -96.031819310758408     
   4.4616924698752412       -89.530374626542752     
   4.7288241005987910       -82.518655700181625     
   4.9701405508391323       -75.035583406319233     
   5.1834726564714177       -67.125902659382476     
   5.3668322707665723       -58.839933665326292     
   5.5184505781357718       -50.233175787118377     
   5.6368150443250453       -41.365761961459192     
   5.7207037421526588       -32.301766938069207     
   5.7692156791632359       -23.108378871337628     
   5.7817956616290269       -13.854951253965785     
   5.7582521907210644       -4.6119604962090346     
   5.6987669622566113        4.5500973927569115     
   5.6038948174685475        13.561830758013846     
   5.4745535343331628        22.356052098578111     
   5.3120036271761579        30.868807568240559     
   5.1178191741692265        39.040292969368146     
   4.8938513845693663        46.815620960115794     
   4.6421869837234793        54.145416000558761     
   4.3651035422501101        60.986226247002257     
   4.0650237653837396        67.300752703889088     
   3.7444706470820335        73.057905993801086     
   3.4060252817021972        78.232712049479986     
   3.0522888471834961        82.806098006471700     
   2.6858496765666966        86.764591278657960     
   2.3092555244329493        90.099953386763843     
   1.9249905173782571        92.808754245897234     
   1.5354562545423733        94.891892164670296     
   1.1429570293555578        96.354088912491051     
  0.74968952973139336        97.203416096214212     
  0.35773698883465532        97.450900642737452     
  -3.0933217755843196E-002   97.110206965393687     
 -0.41447007878350678        96.197349220728853     
 -0.79113861306918154        94.730394650344735     
  -1.1593188423963323        92.729159426926387     
  -1.5175037966774751        90.214924186369799     
  -1.8642964892406988        87.210189337200447     
  -2.1984061588948012        83.738469127962176     
  -2.5186441611119417        79.824112547308829     
  -2.8239197288427240        75.492143261223859     
  -3.1132356723859829        70.768118824630420     
  -3.3856840759330296        65.678011514870448     
  -3.6404420915352871        60.248109743493657     
  -3.8767679117339831        54.504936019346751     
  -4.0939969235857605        48.475177986307443     
  -4.2915379998564500        42.185631372662002     
  -4.4688699171337687        35.663154834625033     
  -4.6255379617842820        28.934636026618563     
  -4.7611508186614238        22.026967202364574     
  -4.8753778104317753        14.967028451173727     
  -4.9679465044605857        7.7816771721308777     
  -5.0386406756761160       0.49774282355113281     
  -5.0872986179732491       -6.8579739819739087     
  -5.1138118105183370       -14.258699092919194     
  -5.1181239452332470       -21.677680181562152     
  -5.1002303061941170       -29.088180709569244     
  -5.0601774766371506       -36.463473163544627     
  -4.9980633501054070       -43.776832124471476     
  -4.9140374421213524       -51.001527704201095     
  -4.8083015301598895       -58.110819906585967     
  -4.6811106825629079       -65.077954576701941     
  -4.5327747627829726       -71.876161819946233     
  -4.3636605038499514       -78.478658105817686     
  -4.1741942250929789       -84.858653688037293     
  -3.9648651997285786       -90.989367384254578     
  -3.7362295921138458       -96.844050996240526     
  -3.4889148097645117       -102.39602556406193     
  -3.2236240967261773       -107.61873130410811     
  -2.9411412153717573       -112.48579280848904     
  -2.6423350444534366       -116.97110110470470     
  -2.3281638062200027       -121.04891410844404     
  -1.9996785114209619       -124.69397595966466     
  -1.6580253109318790       -127.88165334505960     
  -1.3044469469960993       -130.58808444570656     
 -0.94028427640972312       -132.79033620735080     
 -0.56697942890134700       -134.46657009207655     
 -0.18608208923932493       -135.59622450764053     
  0.20074046164186657       -136.16023056396014     
  0.59169028616456376       -136.14128363221087     
  0.98482510131978884       -135.52419477018057     
   1.3780482518258164       -134.29634127339256     
   1.7691085168941227       -132.44821941162584     
   2.1556166011935791       -129.97407011283823     
   2.5350827841571837       -126.87250459733262     
   2.9049739071031064       -123.14702147154539     
   3.2627795296271529       -118.80630618751715     
   3.6060709167697858       -113.86425162016101     
   3.9325362060454294       -108.33972132716879     
   4.2399808290714880       -102.25616238357058     
   4.5262909942401794       -95.641234810857966     
   4.7893670829743771       -88.526649790021011     
   5.0270435106168536       -80.948394035411383     
   5.2370231491966104       -72.947441832086810     
   5.4168644055719763       -64.570891461266626     
   5.5640577212990943       -55.873222426053360     
   5.6762063116929449       -46.917149331596434     
   5.7512858476337811       -37.773495823739701     
   5.7879180250865483       -28.519725072879389     
   5.7855780575699161       -19.237188010950952     
   5.7446779854488241       -10.007585032487306     
   5.6665145427465538      -0.90935842143018930     
   5.5531141440459093        7.9853463698686760     
   5.4070249974313747        16.612791208352004     
   5.2310953568601173        24.918749707463597     
   5.0282552206756694        32.858674946317848     
   4.8013068649794439        40.397019013696507     
   4.5527342366610197        47.505787827371144     
   4.2845531291865182        54.162471674475661     
   3.9982291836341068        60.347607506153935     
   3.6946829504394012        66.042332407642775     
   3.3743852051404715        71.226315603843986     
   3.0375301071751140        75.876400758445016     
   2.6842632472453749        79.966183867093989     
   2.3149350390190278        83.466624223222283     
   1.9303448413166524        86.347642085126921     
   1.5319383907040525        88.580496342326086     
   1.1219243855778513        90.140581353209129     
  0.70328824963930203        91.010183244697231     
  0.27970056964306833        91.180739199132617     
 -0.14466156086519630        90.654258874570687     
 -0.56534702894181743        89.443757819599355     
 -0.97787862410379989        87.572753269627214     
  -1.3779825838017694        85.074023197984729     
  -1.7617767135013831        81.987900088012751     
  -2.1259063800872706        78.360365966519083     
  -2.4676280225414380        74.241161076091970     
  -2.7848464882735624        69.682046069972813     
  -3.0761155141511773        64.735289981001188     
  -3.3406109888553637        59.452404992370255     
  -3.5780853980984868        53.883116460221466     
  -3.7888099691110408        48.074540056165795     
  -3.9735090777821949        42.070533197155022     
  -4.1332897991790096        35.911191117374720     
  -4.2695682443625982        29.632465563290886     
  -4.3839935850693754        23.265893367854293     
  -4.4783703830247195        16.838431040378918     
  -4.5545799228079655        10.372398655191047     
  -4.6145015928215685        3.8855408832797935     
  -4.6599358610148265       -2.6087855776078919     
  -4.6925309325968287       -9.1012909474498773     
  -4.7137156262233013       -15.586295799532666     
  -4.7246412390245780       -22.061145108773868     
  -4.7261350982218273       -28.525508550160161     
  -4.7186680810992865       -34.980592227913874     
  -4.7023376518034965       -41.428295007626360     
  -4.6768669981958464       -47.870347660013202     
  -4.6416197849494178       -54.307474161146907     
  -4.5956290206174133       -60.738611472703369     
  -4.5376377069858913       -67.160217453295616     
  -4.4661484019785735       -73.565687362868374     
  -4.3794786316329404       -79.944889174552529     
  -4.2758192222120339       -86.283818036499525     
  -4.1532930292935948       -92.564361877122423     
  -4.0100121236484805       -98.764164058803132     
  -3.8441321551332468       -104.85656548125309     
  -3.6539032751765559       -110.81060758384032     
  -3.4377176040521258       -116.59107899594889     
  -3.1941537522765326       -122.15859168230627     
  -2.9220193278523046       -127.46967685690730     
  -2.6203926694118844       -132.47689634580561     
  -2.2886652355925605       -137.12897133088376     
  -1.9265861602558247       -141.37093758884635     
  -1.5343104578590645       -145.14434465438057     
  -1.1124522207164256       -148.38752594783466     
 -0.66214385101004780       -151.03597786764144     
 -0.18510185519533925       -153.02289816721355     
  0.31630108839507831       -154.27994760008698     
  0.83895933057428906       -154.73831334553145     
   1.3789561379618507       -154.33016617854400     
   1.9314903480781456       -152.99061133637403     
   2.4908173502361732       -150.66022855155634     
   3.0502180045466631       -147.28827079234310     
   3.6020132451686564       -142.83653354835158     
   4.1376454598174286       -137.28380597205222     
   4.6478487725820310       -130.63066346155568     
   5.1229266697886233       -122.90416261226160     
   5.5531442302908935       -114.16178616463434     
   5.9292221956605706       -104.49382786826192     
   6.2428936156913846       -94.023401267860223     
   6.4874579402579107       -82.903482941450306     
   6.6582521372568557       -71.310868684427462     
   6.7529620035842530       -59.437532672361058     
   6.7717214511804835       -47.480449010443806     
   6.7169873811327196       -35.631264518592374     
   6.5932209653327165       -24.067186058287799     
   6.4064394345954243       -12.944089540442715     
   6.1637162443555695       -2.3923174469386246     
   5.8726997906836660        7.4849029910240308     
   5.5411981938561450        16.610873490365162     
   5.1768516902327644        24.933304782031758     
   4.7868950615048149        32.421304347005439     
   4.3780033108691603        39.062008986061855     
   3.9562101706628572        44.857247224039682     
   3.5268852229636747        49.820463518854993     
   3.0947506059513126        53.974013742780436     
   2.6639169960824707        57.346864167790592     
   2.2379245933989593        59.972689111082410     
   1.8197854619690526        61.888345332046399     
   1.4120309729880378        63.132685176871981     
   1.0167669946416515        63.745652281477305     
  0.63573266136917306        63.767594809926187     
  0.27035400908618534        63.238740967673813     
  -7.8213601539881605E-002   62.198803458590028     
 -0.40905332483730517        60.686696491928515     
 -0.72145940755933813        58.740350300549672     
  -1.0149103513408371        56.396599642671120     
  -1.2890430159582924        53.691118597257287     
  -1.5436304913274628        50.658381169297854     
  -1.7785651203808093        47.331639823718227     
  -1.9938452337551562        43.742921588726901     
  -2.1895632458564185        39.923040306151940     
  -2.3658941972228638        35.901619271256983     
  -2.5230854832194143        31.707117410473700     
  -2.6614486219659161        27.366855174933232     
  -2.7813528560956189        22.907039680683656     
  -2.8832196565002808        18.352789369795339     
  -2.9675174952160157        13.728157368291313     
  -3.0347569580115303        9.0561521225375561     
  -3.0854865137712486        4.3587545865784074     
  -3.1202889557621210      -0.34306785662005274     
  -3.1397782093766589       -5.0293503907837360     
  -3.1445962308439857       -9.6811226323978374     
  -3.1354099612793349       -14.280403355943580     
  -3.1129084309173272       -18.810197742789271     
  -3.0778000439348530       -23.254496612549140     
  -3.0308099704663500       -27.598277240051885     
  -2.9726775642291754       -31.827505566060349     
  -2.9041537863436693       -35.929139565285055     
  -2.8259986551551481       -39.891133330192950     
  -2.7389787276778175       -43.702441346186163     
  -2.6438645911325254       -47.353022529513893     
  -2.5414283415008501       -50.833843679559273     
  -2.4324410475003728       -54.136881938991664     
  -2.3176702196625572       -57.255125773648814     
  -2.1978773105124829       -60.182574042203370     
  -2.0738152625582535       -62.914232897903460     
  -1.9462261037200685       -65.446110372849887     
  -1.8158385778385220       -67.775208439705708     
  -1.6833658021087143       -69.899512219464711     
  -1.5495029616444056       -71.817975970195619     
  -1.4149250673316405       -73.530505600647132     
  -1.2802848015794432       -75.037937607643599     
  -1.1462104604831775       -76.342014416297118     
  -1.0133039880224994       -77.445356083242402     
 -0.88213910091260361       -78.351428280510987     
 -0.75325951629805898       -79.064506493877317     
 -0.62717730309205677       -79.589636455911105     
 -0.50437137326561121       -79.932590934040093     
 -0.38528611820029318       -80.099823047995599     
 -0.27033018936065745       -80.098416292071505     
 -0.15987542670691901       -79.936031428989395     
  -5.4255946700640115E-002  -79.620850448912634     
   4.6232594012137099E-002  -79.161517853984591     
  0.14133354568461118       -78.567079603327301     
  0.23082961474829733       -77.846920104347703     
  0.31454300886802600       -77.010697662526482     
  0.39233536986707768       -76.068278826129983     
  0.46410748496268123       -75.029672100818317     
  0.52979876821168326       -73.904961554711107     
  0.58938650832514261       -72.704240867233224     
  0.64288488305308955       -71.437548385162586     
  0.69034374197461335       -70.114803745512177     
  0.73184715952829960       -68.745746622381432     
  0.76751176106550234       -67.339878158291128     
  0.79748482824101996       -65.906405639889257     
  0.82194219547337244       -64.454190959673070     
  0.84108595448999934       -62.991703364499386     
  0.85514198773840411       -61.526976934053614     
  0.86435735385449985       -60.067573167575361     
  0.86899755047745808       -58.620548989938513     
  0.86934368220686009       -57.192430417430401     
  0.86568956426072119       -55.789192046007017     
  0.85833879473461983       -54.416242439755898     
  0.84760182972421683       -53.078415407806624     
  0.83379309582932026       -51.779967068659651     
  0.81722817388257496       -50.524578515761732     
  0.79822108633900368       -49.315363819465304     
  0.77708171870917586       -48.154883029673222     
  0.75411340273607341       -47.045159781755125     
  0.72961068575321197       -45.987703057017939     
  0.70385730693697823       -44.983532609082694     
  0.67712439712920591       -44.033207539328416     
  0.64966891469176347       -43.136857487903917     
  0.62173232557147651       -42.294215901142351     
  0.59353953150006500       -41.504654840814638     
  0.56529804613444490       -40.767220814621588     
  0.53719741506250107       -40.080671129525278     
  0.50940887204644481       -39.443510298657792     
  0.48208522071213128       -38.854026067234798     
  0.45536092815661905       -38.310324661799974     
  0.42935241466001467       -37.810364908967223     
  0.40415852186059203       -37.351990913459495     
  0.37986114037963004       -36.932963029621938     
  0.35652597694559096       -36.550986904812000     
  0.33420344053670326       -36.203740416402212     
  0.31292962690183274       -35.888898365989903     
  0.29272738099472079       -35.604154834345707     
  0.27360741732832761       -35.347243138316017     
  0.25556947898577453       -35.115953366086096     
  0.23860351697491919       -34.908147499749923     
  0.22269087275001007       -34.721772163922061     
  0.20780544801446230       -34.554869066103180     
  0.19391484733476766       -34.405583218638938     
  0.18098148061053063       -34.272169053365950     
  0.16896361403531493       -34.152994558400643     
  0.15781635982486664       -34.046543581978746     
  0.14749259666209305       -33.951416460779434     
  0.13794381449118356       -33.866329139756779     
  0.12912087896567567       -33.790110957148570     
  0.12097471249589517       -33.721701272051185     
  0.11345689042834271       -33.660145112782565     
  0.10652015240113542       -33.604588022273859     
  0.10011883033328160       -33.554270272056215     
   9.4209195799522569E-002  -33.508520609208517     
   8.8749730696104784E-002  -33.466749691128065     
   8.3701326097717757E-002  -33.428443351452984     
   7.9027415026726763E-002  -33.393155827231524     
   7.4694045491686317E-002  -33.360503062869881     
   7.0669900596911334E-002  -33.330156190897426     
   6.6926272778204426E-002  -33.301835273590797     
   6.3436999287226778E-002  -33.275303373414957     
   6.0178365939846969E-002  -33.250361004486621     
   5.7128985878923698E-002  -33.226841002210911     
   5.4269659700812233E-002  -33.204603834227584     
   5.1583222782375406E-002  -33.183533363091506     
   4.9054385048597070E-002  -33.163533059916674     
   4.6669567768029538E-002  -33.144522658662524     
   4.4416741281689910E-002  -33.126435232901265     
   4.2285266886240937E-002  -33.109214670768587     
   4.0265745427035718E-002  -33.092813519302354     
   3.8349874529889187E-002  -33.077191166396283     
   3.6530315827164886E-002  -33.062312326985626     
   3.4800573024482813E-002  -33.048145799654364     
   3.3154881215291067E-002  -33.034663460414933     
   3.1588107484032020E-002  -33.021839461758844     
   3.0095662543750016E-002  -33.009649607017245     
   2.8673422927100511E-002  -32.998070872426901     
   2.7317663084919480E-002  -32.987081051904823     
   2.6024996636339850E-002  -32.976658502259845     
   2.4792325951002323E-002  -32.966781969294637     
   2.3616799219446833E-002  -32.957430477893766     
   2.2495774174343609E-002  -32.948583271686225     
   2.1426787654672513E-002  -32.940219790166729     
   2.0407530250376518E-002  -32.932319673229557     
   1.9435825321904472E-002  -32.924862784905244     
   1.8509611753664577E-002  -32.917829249703111     
   1.7626929867291488E-002  -32.911199496350704     
   1.6785909984626170E-002  -32.904954304883596     
   1.5984763191296263E-002  -32.899074854004589     
   1.5221773912992275E-002  -32.893542766448547     
   1.4495293975576201E-002  -32.888340150776308     
   1.3803737868069751E-002  -32.883449638548981     
   1.3145578963299704E-002  -32.878854416204945     
   1.2519346488670568E-002  -32.874538251273059     
   1.1923623086946378E-002  -32.870485512882716     
   1.1357042843957933E-002  -32.866681186780369     
   1.0818289665754171E-002  -32.863110885096880     
   1.0306095887295398E-002  -32.859760851055881     
   9.8192410359504659E-003  -32.856617958982717     
   9.3565507357207239E-003  -32.853669710307308     
   8.9168957343392884E-003  -32.850904226231606     
   8.4991909586609442E-003  -32.848310237213632     
   8.1023944982572677E-003  -32.845877069228173     
   7.7255065633905816E-003  -32.843594627524013     
   7.3675685619223842E-003  -32.841453379255313     
   7.0276622591322110E-003  -32.839444335379703     
   6.7049087400403553E-003  -32.837559030565075     
   6.3984670761447031E-003  -32.835789500569518     
   6.1075331054005373E-003  -32.834128259594358     
   5.8313387072304089E-003  -32.832568280450175     
   5.5691511077297640E-003  -32.831102975487262     
   5.3202713354085270E-003  -32.829726172962879     
   5.0840321104867895E-003  -32.828432089668887     
   4.8597967851022987E-003  -32.827215309389544     
   4.6469598120975116E-003  -32.826070771620621     
   4.4449463846585697E-003  -32.824993757719803     
   4.2532090803564142E-003  -32.823979859884830     
   4.0712240602010742E-003  -32.823024945259093     
   3.8984919124189455E-003  -32.822125146487899     
   3.7345421658945342E-003  -32.821276878220871     
   3.5789326326807628E-003  -32.820476828672035     
   3.4312395173294596E-003  -32.819721894688207     
   3.2910498982498568E-003  -32.819009121780113     
   3.1579707443568383E-003  -32.818335740073508     
   3.0316453531615936E-003  -32.817699258547172     
   2.9117484122926553E-003  -32.817097446928607     
   2.7979543363396103E-003  -32.816528147499092     
   2.6899208378532414E-003  -32.815989146864915     
   2.5873260626582801E-003  -32.815478362724669     
   2.4899208459424494E-003  -32.814994167746562     
   2.3975075593789036E-003  -32.814535318990274     
   2.3098395576565834E-003  -32.814100372862825     
   2.2265748321302951E-003  -32.813687322896953     
   2.1473965296466965E-003  -32.813294219172896     
   2.0721821210276919E-003  -32.812920228436752     
   2.0009529494740331E-003  -32.812565529724765     
   1.9335671135955101E-003  -32.812229558328291     
   1.8695348883379110E-003  -32.811909645025921     
   1.8083338006698393E-003  -32.811602543708894     
   1.7499749062080277E-003  -32.811307920154363     
   1.6950305737918347E-003  -32.811029185142040     
   1.6437712668536085E-003  -32.810768756393259     
   1.5952417107230616E-003  -32.810521789702570     
   1.5475977797597663E-003  -32.810276648594865     
   1.4998896979860163E-003  -32.810024962682100     
   1.4537810366594709E-003  -32.809773426198575     
   1.4134880258984983E-003  -32.809545995559802     
   1.3838198998536986E-003  -32.809373526773015     
   1.3674682742876977E-003  -32.809276949106632     
   1.3625459224072313E-003  -32.809251035320621     
