// From NREL's SOWFA
//   alpha   C_l    C_d
    (-180.000    0.000  0.0237)
    (-177.000    0.085  0.0249)
    (-174.000    0.170  0.0280)
    (-171.000    0.255  0.0331)
    (-168.000    0.340  0.0438)
    (-165.000    0.425  0.0736)
    (-162.000    0.510  0.1108)
    (-159.000    0.595  0.1541)
    (-156.000    0.680  0.2027)
    (-153.000    0.765  0.2558)
    (-150.000    0.850  0.3132)
    (-147.000    0.890  0.3747)
    (-144.000    0.842  0.4383)
    (-141.000    0.798  0.5048)
    (-138.000    0.757  0.5724)
    (-135.000    0.716  0.6407)
    (-132.000    0.675  0.7093)
    (-129.000    0.634  0.7768)
    (-126.000    0.591  0.8431)
    (-123.000    0.547  0.9077)
    (-120.000    0.501  0.9685)
    (-117.000    0.454  1.0259)
    (-114.000    0.405  1.0797)
    (-111.000    0.356  1.1290)
    (-108.000    0.305  1.1717)
    (-105.000    0.253  1.2094)
    (-102.000    0.202  1.2418)
    (-99.000    0.150  1.2666)
    (-96.000    0.099  1.2843)
    (-93.000    0.049  1.2960)
    (-90.000    -0.000  1.3016)
    (-87.000    -0.049  1.2960)
    (-84.000    -0.099  1.2843)
    (-81.000    -0.150  1.2666)
    (-78.000    -0.202  1.2418)
    (-75.000    -0.253  1.2094)
    (-72.000    -0.305  1.1717)
    (-69.000    -0.356  1.1290)
    (-66.000    -0.405  1.0797)
    (-63.000    -0.454  1.0259)
    (-60.000    -0.501  0.9685)
    (-57.000    -0.547  0.9077)
    (-54.000    -0.591  0.8431)
    (-51.000    -0.634  0.7768)
    (-48.000    -0.675  0.7093)
    (-45.000    -0.716  0.6407)
    (-42.000    -0.755  0.5724)
    (-39.000    -0.796  0.5048)
    (-36.000    -0.838  0.4383)
    (-33.000    -0.886  0.3747)
    (-30.000    -0.999  0.2859)
    (-29.394    -1.029  0.2652)
    (-28.788    -1.059  0.2445)
    (-28.182    -1.089  0.2237)
    (-27.576    -1.098  0.2110)
    (-26.970    -1.098  0.2018)
    (-26.364    -1.098  0.1926)
    (-25.758    -1.099  0.1834)
    (-25.152    -1.099  0.1742)
    (-24.545    -1.100  0.1650)
    (-23.939    -1.100  0.1559)
    (-23.333    -1.102  0.1479)
    (-22.727    -1.104  0.1398)
    (-22.121    -1.107  0.1317)
    (-21.515    -1.109  0.1236)
    (-20.909    -1.111  0.1155)
    (-20.303    -1.113  0.1075)
    (-19.697    -1.115  0.1002)
    (-19.091    -1.116  0.0937)
    (-18.485    -1.118  0.0871)
    (-17.879    -1.119  0.0808)
    (-17.273    -1.118  0.0752)
    (-16.667    -1.116  0.0696)
    (-16.061    -1.115  0.0640)
    (-15.455    -1.115  0.0590)
    (-14.848    -1.115  0.0541)
    (-14.242    -1.115  0.0492)
    (-13.636    -1.111  0.0445)
    (-13.030    -1.105  0.0401)
    (-12.424    -1.100  0.0356)
    (-11.818    -1.079  0.0316)
    (-11.212    -1.026  0.0288)
    (-10.606    -0.972  0.0259)
    (-10.000    -0.919  0.0231)
    (-9.394    -0.850  0.0214)
    (-8.788    -0.782  0.0197)
    (-8.182    -0.714  0.0181)
    (-7.576    -0.642  0.0168)
    (-6.970    -0.570  0.0157)
    (-6.364    -0.497  0.0147)
    (-5.758    -0.420  0.0138)
    (-5.152    -0.337  0.0133)
    (-4.545    -0.253  0.0127)
    (-3.939    -0.169  0.0122)
    (-3.333    -0.083  0.0119)
    (-2.727    0.002  0.0117)
    (-2.121    0.088  0.0115)
    (-1.515    0.172  0.0113)
    (-0.909    0.256  0.0113)
    (-0.303    0.338  0.0112)
    ( 0.303    0.421  0.0112)
    ( 0.909    0.502  0.0113)
    ( 1.515    0.583  0.0113)
    ( 2.121    0.664  0.0114)
    ( 2.727    0.744  0.0115)
    ( 3.333    0.823  0.0117)
    ( 3.939    0.902  0.0119)
    ( 4.545    0.980  0.0121)
    ( 5.152    1.057  0.0123)
    ( 5.758    1.134  0.0126)
    ( 6.364    1.209  0.0129)
    ( 6.970    1.285  0.0132)
    ( 7.576    1.358  0.0136)
    ( 8.182    1.430  0.0141)
    ( 8.788    1.501  0.0146)
    ( 9.394    1.569  0.0151)
    (10.000    1.637  0.0158)
    (10.606    1.700  0.0166)
    (11.212    1.760  0.0175)
    (11.818    1.817  0.0186)
    (12.424    1.867  0.0200)
    (13.030    1.914  0.0216)
    (13.636    1.950  0.0240)
    (14.242    1.977  0.0271)
    (14.848    1.992  0.0312)
    (15.455    1.993  0.0365)
    (16.061    1.987  0.0424)
    (16.667    1.961  0.0502)
    (17.273    1.935  0.0581)
    (17.879    1.909  0.0660)
    (18.485    1.859  0.0768)
    (19.091    1.804  0.0883)
    (19.697    1.748  0.0998)
    (20.303    1.700  0.1122)
    (20.909    1.661  0.1254)
    (21.515    1.621  0.1385)
    (22.121    1.581  0.1517)
    (22.727    1.541  0.1649)
    (23.333    1.502  0.1780)
    (23.939    1.462  0.1914)
    (24.545    1.443  0.2039)
    (25.152    1.426  0.2164)
    (25.758    1.410  0.2288)
    (26.364    1.394  0.2413)
    (26.970    1.378  0.2537)
    (27.576    1.362  0.2661)
    (28.182    1.348  0.2784)
    (28.788    1.339  0.2904)
    (29.394    1.329  0.3023)
    (30.000    1.320  0.3142)
    (33.000    1.267  0.3747)
    (36.000    1.198  0.4383)
    (39.000    1.137  0.5048)
    (42.000    1.079  0.5724)
    (45.000    1.023  0.6407)
    (48.000    0.965  0.7093)
    (51.000    0.905  0.7768)
    (54.000    0.844  0.8431)
    (57.000    0.781  0.9077)
    (60.000    0.716  0.9685)
    (63.000    0.648  1.0259)
    (66.000    0.579  1.0797)
    (69.000    0.508  1.1290)
    (72.000    0.435  1.1717)
    (75.000    0.362  1.2094)
    (78.000    0.288  1.2418)
    (81.000    0.214  1.2666)
    (84.000    0.141  1.2843)
    (87.000    0.070  1.2960)
    (90.000    0.000  1.3016)
    (93.000    -0.049  1.2960)
    (96.000    -0.099  1.2843)
    (99.000    -0.150  1.2666)
    (102.000    -0.202  1.2418)
    (105.000    -0.253  1.2094)
    (108.000    -0.305  1.1717)
    (111.000    -0.356  1.1290)
    (114.000    -0.405  1.0797)
    (117.000    -0.454  1.0259)
    (120.000    -0.501  0.9685)
    (123.000    -0.547  0.9077)
    (126.000    -0.591  0.8431)
    (129.000    -0.634  0.7768)
    (132.000    -0.675  0.7093)
    (135.000    -0.716  0.6407)
    (138.000    -0.757  0.5724)
    (141.000    -0.798  0.5048)
    (144.000    -0.842  0.4383)
    (147.000    -0.890  0.3747)
    (150.000    -0.850  0.3132)
    (153.000    -0.765  0.2558)
    (156.000    -0.680  0.2027)
    (159.000    -0.595  0.1541)
    (162.000    -0.510  0.1108)
    (165.000    -0.425  0.0736)
    (168.000    -0.340  0.0438)
    (171.000    -0.255  0.0331)
    (174.000    -0.170  0.0280)
    (177.000    -0.085  0.0249)
    (180.000    0.000  0.0237)
