// From NREL's SOWFA
//   alpha   C_l    C_d
    (-180.000    0.000  0.0246)
    (-177.000    0.071  0.0260)
    (-174.000    0.142  0.0296)
    (-171.000    0.213  0.0354)
    (-168.000    0.284  0.0624)
    (-165.000    0.355  0.0981)
    (-162.000    0.425  0.1406)
    (-159.000    0.496  0.1901)
    (-156.000    0.567  0.2458)
    (-153.000    0.638  0.3067)
    (-150.000    0.709  0.3726)
    (-147.000    0.750  0.4430)
    (-144.000    0.733  0.5159)
    (-141.000    0.714  0.5921)
    (-138.000    0.695  0.6696)
    (-135.000    0.673  0.7479)
    (-132.000    0.648  0.8264)
    (-129.000    0.620  0.9037)
    (-126.000    0.588  0.9795)
    (-123.000    0.554  1.0533)
    (-120.000    0.515  1.1228)
    (-117.000    0.472  1.1883)
    (-114.000    0.428  1.2498)
    (-111.000    0.380  1.3059)
    (-108.000    0.329  1.3544)
    (-105.000    0.277  1.3971)
    (-102.000    0.223  1.4339)
    (-99.000    0.167  1.4618)
    (-96.000    0.111  1.4814)
    (-93.000    0.056  1.4942)
    (-90.000    -0.000  1.5000)
    (-87.000    -0.056  1.4942)
    (-84.000    -0.111  1.4814)
    (-81.000    -0.167  1.4618)
    (-78.000    -0.223  1.4339)
    (-75.000    -0.277  1.3971)
    (-72.000    -0.329  1.3544)
    (-69.000    -0.380  1.3059)
    (-66.000    -0.428  1.2498)
    (-63.000    -0.472  1.1883)
    (-60.000    -0.515  1.1228)
    (-57.000    -0.554  1.0533)
    (-54.000    -0.588  0.9795)
    (-51.000    -0.620  0.9037)
    (-48.000    -0.648  0.8264)
    (-45.000    -0.673  0.7479)
    (-42.000    -0.657  0.6696)
    (-39.000    -0.639  0.5921)
    (-36.000    -0.620  0.5159)
    (-33.000    -0.600  0.4430)
    (-30.000    -0.619  0.3528)
    (-29.394    -0.626  0.3328)
    (-28.788    -0.634  0.3129)
    (-28.182    -0.642  0.2929)
    (-27.576    -0.676  0.2713)
    (-26.970    -0.731  0.2490)
    (-26.364    -0.787  0.2266)
    (-25.758    -0.843  0.2043)
    (-25.152    -0.900  0.1820)
    (-24.545    -0.963  0.1597)
    (-23.939    -1.022  0.1387)
    (-23.333    -1.039  0.1302)
    (-22.727    -1.057  0.1217)
    (-22.121    -1.074  0.1132)
    (-21.515    -1.092  0.1047)
    (-20.909    -1.109  0.0962)
    (-20.303    -1.127  0.0877)
    (-19.697    -1.138  0.0807)
    (-19.091    -1.143  0.0751)
    (-18.485    -1.148  0.0695)
    (-17.879    -1.153  0.0641)
    (-17.273    -1.154  0.0592)
    (-16.667    -1.156  0.0543)
    (-16.061    -1.157  0.0494)
    (-15.455    -1.159  0.0449)
    (-14.848    -1.160  0.0404)
    (-14.242    -1.161  0.0360)
    (-13.636    -1.151  0.0318)
    (-13.030    -1.131  0.0279)
    (-12.424    -1.112  0.0240)
    (-11.818    -1.079  0.0206)
    (-11.212    -1.014  0.0184)
    (-10.606    -0.949  0.0161)
    (-10.000    -0.883  0.0139)
    (-9.394    -0.807  0.0129)
    (-8.788    -0.730  0.0120)
    (-8.182    -0.654  0.0110)
    (-7.576    -0.577  0.0103)
    (-6.970    -0.500  0.0098)
    (-6.364    -0.423  0.0092)
    (-5.758    -0.346  0.0086)
    (-5.152    -0.269  0.0081)
    (-4.545    -0.191  0.0075)
    (-3.939    -0.114  0.0070)
    (-3.333    -0.038  0.0069)
    (-2.727    0.037  0.0068)
    (-2.121    0.113  0.0067)
    (-1.515    0.188  0.0066)
    (-0.909    0.263  0.0066)
    (-0.303    0.338  0.0067)
    ( 0.303    0.412  0.0067)
    ( 0.909    0.487  0.0068)
    ( 1.515    0.561  0.0069)
    ( 2.121    0.634  0.0070)
    ( 2.727    0.708  0.0071)
    ( 3.333    0.781  0.0073)
    ( 3.939    0.853  0.0075)
    ( 4.545    0.925  0.0078)
    ( 5.152    0.996  0.0081)
    ( 5.758    1.065  0.0085)
    ( 6.364    1.133  0.0091)
    ( 6.970    1.201  0.0097)
    ( 7.576    1.265  0.0104)
    ( 8.182    1.329  0.0112)
    ( 8.788    1.391  0.0120)
    ( 9.394    1.452  0.0128)
    (10.000    1.512  0.0137)
    (10.606    1.568  0.0147)
    (11.212    1.623  0.0157)
    (11.818    1.675  0.0168)
    (12.424    1.721  0.0183)
    (13.030    1.764  0.0199)
    (13.636    1.793  0.0222)
    (14.242    1.810  0.0254)
    (14.848    1.808  0.0298)
    (15.455    1.779  0.0364)
    (16.061    1.739  0.0441)
    (16.667    1.680  0.0545)
    (17.273    1.621  0.0648)
    (17.879    1.563  0.0752)
    (18.485    1.517  0.0857)
    (19.091    1.475  0.0962)
    (19.697    1.433  0.1068)
    (20.303    1.397  0.1175)
    (20.909    1.367  0.1284)
    (21.515    1.337  0.1393)
    (22.121    1.307  0.1502)
    (22.727    1.276  0.1612)
    (23.333    1.246  0.1721)
    (23.939    1.216  0.1830)
    (24.545    1.184  0.1966)
    (25.152    1.153  0.2105)
    (25.758    1.130  0.2244)
    (26.364    1.116  0.2383)
    (26.970    1.102  0.2522)
    (27.576    1.088  0.2662)
    (28.182    1.071  0.2824)
    (28.788    1.047  0.3040)
    (29.394    1.022  0.3257)
    (30.000    0.998  0.3473)
    (33.000    0.922  0.4430)
    (36.000    0.934  0.5159)
    (39.000    0.946  0.5921)
    (42.000    0.955  0.6696)
    (45.000    0.961  0.7479)
    (48.000    0.926  0.8264)
    (51.000    0.885  0.9037)
    (54.000    0.840  0.9795)
    (57.000    0.791  1.0533)
    (60.000    0.735  1.1228)
    (63.000    0.675  1.1883)
    (66.000    0.611  1.2498)
    (69.000    0.543  1.3059)
    (72.000    0.470  1.3544)
    (75.000    0.395  1.3971)
    (78.000    0.318  1.4339)
    (81.000    0.239  1.4618)
    (84.000    0.159  1.4814)
    (87.000    0.079  1.4942)
    (90.000    0.000  1.5000)
    (93.000    -0.056  1.4942)
    (96.000    -0.111  1.4814)
    (99.000    -0.167  1.4618)
    (102.000    -0.223  1.4339)
    (105.000    -0.277  1.3971)
    (108.000    -0.329  1.3544)
    (111.000    -0.380  1.3059)
    (114.000    -0.428  1.2498)
    (117.000    -0.472  1.1883)
    (120.000    -0.515  1.1228)
    (123.000    -0.554  1.0533)
    (126.000    -0.588  0.9795)
    (129.000    -0.620  0.9037)
    (132.000    -0.648  0.8264)
    (135.000    -0.673  0.7479)
    (138.000    -0.695  0.6696)
    (141.000    -0.714  0.5921)
    (144.000    -0.733  0.5159)
    (147.000    -0.750  0.4430)
    (150.000    -0.709  0.3726)
    (153.000    -0.638  0.3067)
    (156.000    -0.567  0.2458)
    (159.000    -0.496  0.1901)
    (162.000    -0.425  0.1406)
    (165.000    -0.355  0.0981)
    (168.000    -0.284  0.0624)
    (171.000    -0.213  0.0354)
    (174.000    -0.142  0.0296)
    (177.000    -0.071  0.0260)
    (180.000    0.000  0.0246)
