// From NREL's SOWFA
//   alpha   C_l    C_d
    (-180.000    0.000  0.0135)
    (-177.000    0.075  0.0149)
    (-174.000    0.149  0.0186)
    (-171.000    0.224  0.0245)
    (-168.000    0.298  0.0392)
    (-165.000    0.373  0.0747)
    (-162.000    0.447  0.1180)
    (-159.000    0.522  0.1689)
    (-156.000    0.596  0.2260)
    (-153.000    0.671  0.2882)
    (-150.000    0.745  0.3553)
    (-147.000    0.788  0.4271)
    (-144.000    0.766  0.5012)
    (-141.000    0.744  0.5786)
    (-138.000    0.720  0.6572)
    (-135.000    0.696  0.7366)
    (-132.000    0.669  0.8162)
    (-129.000    0.638  0.8945)
    (-126.000    0.604  0.9710)
    (-123.000    0.567  1.0456)
    (-120.000    0.526  1.1159)
    (-117.000    0.481  1.1821)
    (-114.000    0.435  1.2442)
    (-111.000    0.386  1.3011)
    (-108.000    0.333  1.3503)
    (-105.000    0.280  1.3937)
    (-102.000    0.225  1.4312)
    (-99.000    0.168  1.4598)
    (-96.000    0.112  1.4801)
    (-93.000    0.056  1.4935)
    (-90.000    -0.000  1.5000)
    (-87.000    -0.056  1.4935)
    (-84.000    -0.112  1.4801)
    (-81.000    -0.168  1.4598)
    (-78.000    -0.225  1.4312)
    (-75.000    -0.280  1.3937)
    (-72.000    -0.333  1.3503)
    (-69.000    -0.386  1.3011)
    (-66.000    -0.435  1.2442)
    (-63.000    -0.481  1.1821)
    (-60.000    -0.526  1.1159)
    (-57.000    -0.567  1.0456)
    (-54.000    -0.604  0.9710)
    (-51.000    -0.638  0.8945)
    (-48.000    -0.669  0.8162)
    (-45.000    -0.696  0.7366)
    (-42.000    -0.683  0.6572)
    (-39.000    -0.669  0.5786)
    (-36.000    -0.659  0.5012)
    (-33.000    -0.663  0.4271)
    (-30.000    -0.785  0.3185)
    (-29.394    -0.823  0.2928)
    (-28.788    -0.862  0.2670)
    (-28.182    -0.901  0.2411)
    (-27.576    -0.926  0.2241)
    (-26.970    -0.944  0.2111)
    (-26.364    -0.961  0.1984)
    (-25.758    -0.977  0.1858)
    (-25.152    -0.994  0.1733)
    (-24.545    -1.017  0.1605)
    (-23.939    -1.040  0.1472)
    (-23.333    -1.050  0.1388)
    (-22.727    -1.060  0.1304)
    (-22.121    -1.070  0.1221)
    (-21.515    -1.080  0.1137)
    (-20.909    -1.090  0.1053)
    (-20.303    -1.100  0.0970)
    (-19.697    -1.105  0.0899)
    (-19.091    -1.106  0.0841)
    (-18.485    -1.106  0.0783)
    (-17.879    -1.105  0.0727)
    (-17.273    -1.099  0.0678)
    (-16.667    -1.094  0.0630)
    (-16.061    -1.088  0.0582)
    (-15.455    -1.078  0.0541)
    (-14.848    -1.066  0.0501)
    (-14.242    -1.057  0.0461)
    (-13.636    -1.050  0.0423)
    (-13.030    -1.043  0.0383)
    (-12.424    -1.036  0.0342)
    (-11.818    -1.022  0.0303)
    (-11.212    -0.992  0.0266)
    (-10.606    -0.959  0.0230)
    (-10.000    -0.931  0.0193)
    (-9.394    -0.851  0.0168)
    (-8.788    -0.769  0.0142)
    (-8.182    -0.687  0.0119)
    (-7.576    -0.606  0.0108)
    (-6.970    -0.524  0.0101)
    (-6.364    -0.443  0.0094)
    (-5.758    -0.363  0.0088)
    (-5.152    -0.285  0.0085)
    (-4.545    -0.206  0.0082)
    (-3.939    -0.128  0.0079)
    (-3.333    -0.050  0.0078)
    (-2.727    0.027  0.0077)
    (-2.121    0.104  0.0076)
    (-1.515    0.181  0.0076)
    (-0.909    0.257  0.0076)
    (-0.303    0.333  0.0076)
    ( 0.303    0.410  0.0077)
    ( 0.909    0.486  0.0077)
    ( 1.515    0.561  0.0078)
    ( 2.121    0.636  0.0080)
    ( 2.727    0.711  0.0081)
    ( 3.333    0.785  0.0083)
    ( 3.939    0.859  0.0085)
    ( 4.545    0.932  0.0088)
    ( 5.152    1.005  0.0090)
    ( 5.758    1.076  0.0094)
    ( 6.364    1.147  0.0098)
    ( 6.970    1.216  0.0103)
    ( 7.576    1.284  0.0109)
    ( 8.182    1.351  0.0115)
    ( 8.788    1.415  0.0123)
    ( 9.394    1.478  0.0130)
    (10.000    1.540  0.0138)
    (10.606    1.598  0.0148)
    (11.212    1.654  0.0158)
    (11.818    1.707  0.0169)
    (12.424    1.755  0.0182)
    (13.030    1.800  0.0197)
    (13.636    1.834  0.0218)
    (14.242    1.863  0.0243)
    (14.848    1.886  0.0274)
    (15.455    1.884  0.0322)
    (16.061    1.872  0.0378)
    (16.667    1.826  0.0468)
    (17.273    1.779  0.0558)
    (17.879    1.732  0.0649)
    (18.485    1.677  0.0760)
    (19.091    1.620  0.0876)
    (19.697    1.563  0.0993)
    (20.303    1.517  0.1115)
    (20.909    1.481  0.1245)
    (21.515    1.446  0.1376)
    (22.121    1.410  0.1504)
    (22.727    1.374  0.1625)
    (23.333    1.337  0.1748)
    (23.939    1.300  0.1874)
    (24.545    1.271  0.2017)
    (25.152    1.244  0.2163)
    (25.758    1.220  0.2311)
    (26.364    1.196  0.2460)
    (26.970    1.172  0.2605)
    (27.576    1.150  0.2749)
    (28.182    1.127  0.2902)
    (28.788    1.102  0.3075)
    (29.394    1.079  0.3249)
    (30.000    1.057  0.3434)
    (33.000    0.984  0.4271)
    (36.000    0.981  0.5012)
    (39.000    0.987  0.5786)
    (42.000    0.992  0.6572)
    (45.000    0.994  0.7366)
    (48.000    0.956  0.8162)
    (51.000    0.912  0.8945)
    (54.000    0.863  0.9710)
    (57.000    0.810  1.0456)
    (60.000    0.751  1.1159)
    (63.000    0.688  1.1821)
    (66.000    0.621  1.2442)
    (69.000    0.551  1.3011)
    (72.000    0.476  1.3503)
    (75.000    0.399  1.3937)
    (78.000    0.321  1.4312)
    (81.000    0.241  1.4598)
    (84.000    0.160  1.4801)
    (87.000    0.080  1.4935)
    (90.000    0.000  1.5000)
    (93.000    -0.056  1.4935)
    (96.000    -0.112  1.4801)
    (99.000    -0.168  1.4598)
    (102.000    -0.225  1.4312)
    (105.000    -0.280  1.3937)
    (108.000    -0.333  1.3503)
    (111.000    -0.386  1.3011)
    (114.000    -0.435  1.2442)
    (117.000    -0.481  1.1821)
    (120.000    -0.526  1.1159)
    (123.000    -0.567  1.0456)
    (126.000    -0.604  0.9710)
    (129.000    -0.638  0.8945)
    (132.000    -0.669  0.8162)
    (135.000    -0.696  0.7366)
    (138.000    -0.720  0.6572)
    (141.000    -0.744  0.5786)
    (144.000    -0.766  0.5012)
    (147.000    -0.788  0.4271)
    (150.000    -0.745  0.3553)
    (153.000    -0.671  0.2882)
    (156.000    -0.596  0.2260)
    (159.000    -0.522  0.1689)
    (162.000    -0.447  0.1180)
    (165.000    -0.373  0.0747)
    (168.000    -0.298  0.0392)
    (171.000    -0.224  0.0245)
    (174.000    -0.149  0.0186)
    (177.000    -0.075  0.0149)
    (180.000    0.000  0.0135)
