// From NREL's SOWFA
//   alpha   C_l    C_d
    (-180.000    0.000  0.0121)
    (-177.000    0.076  0.0134)
    (-174.000    0.151  0.0171)
    (-171.000    0.227  0.0230)
    (-168.000    0.303  0.0360)
    (-165.000    0.378  0.0714)
    (-162.000    0.454  0.1145)
    (-159.000    0.529  0.1651)
    (-156.000    0.605  0.2219)
    (-153.000    0.681  0.2839)
    (-150.000    0.756  0.3508)
    (-147.000    0.799  0.4223)
    (-144.000    0.775  0.4963)
    (-141.000    0.751  0.5736)
    (-138.000    0.727  0.6521)
    (-135.000    0.701  0.7314)
    (-132.000    0.673  0.8110)
    (-129.000    0.641  0.8894)
    (-126.000    0.606  0.9662)
    (-123.000    0.568  1.0411)
    (-120.000    0.527  1.1117)
    (-117.000    0.482  1.1783)
    (-114.000    0.435  1.2408)
    (-111.000    0.386  1.2981)
    (-108.000    0.334  1.3477)
    (-105.000    0.280  1.3915)
    (-102.000    0.225  1.4294)
    (-99.000    0.168  1.4584)
    (-96.000    0.112  1.4792)
    (-93.000    0.056  1.4931)
    (-90.000    -0.000  1.5000)
    (-87.000    -0.056  1.4931)
    (-84.000    -0.112  1.4792)
    (-81.000    -0.168  1.4584)
    (-78.000    -0.225  1.4294)
    (-75.000    -0.280  1.3915)
    (-72.000    -0.334  1.3477)
    (-69.000    -0.386  1.2981)
    (-66.000    -0.435  1.2408)
    (-63.000    -0.482  1.1783)
    (-60.000    -0.527  1.1117)
    (-57.000    -0.568  1.0411)
    (-54.000    -0.606  0.9662)
    (-51.000    -0.641  0.8894)
    (-48.000    -0.673  0.8110)
    (-45.000    -0.701  0.7314)
    (-42.000    -0.689  0.6521)
    (-39.000    -0.677  0.5736)
    (-36.000    -0.675  0.4963)
    (-33.000    -0.681  0.4223)
    (-30.000    -0.814  0.3117)
    (-29.394    -0.855  0.2855)
    (-28.788    -0.897  0.2592)
    (-28.182    -0.939  0.2328)
    (-27.576    -0.959  0.2169)
    (-26.970    -0.971  0.2055)
    (-26.364    -0.981  0.1943)
    (-25.758    -0.991  0.1833)
    (-25.152    -1.002  0.1722)
    (-24.545    -1.018  0.1609)
    (-23.939    -1.034  0.1494)
    (-23.333    -1.043  0.1411)
    (-22.727    -1.051  0.1328)
    (-22.121    -1.060  0.1244)
    (-21.515    -1.068  0.1161)
    (-20.909    -1.077  0.1078)
    (-20.303    -1.086  0.0995)
    (-19.697    -1.090  0.0924)
    (-19.091    -1.089  0.0865)
    (-18.485    -1.089  0.0807)
    (-17.879    -1.088  0.0750)
    (-17.273    -1.081  0.0701)
    (-16.667    -1.075  0.0653)
    (-16.061    -1.069  0.0604)
    (-15.455    -1.061  0.0561)
    (-14.848    -1.051  0.0519)
    (-14.242    -1.042  0.0478)
    (-13.636    -1.037  0.0438)
    (-13.030    -1.032  0.0398)
    (-12.424    -1.027  0.0356)
    (-11.818    -1.016  0.0316)
    (-11.212    -0.990  0.0278)
    (-10.606    -0.962  0.0239)
    (-10.000    -0.937  0.0201)
    (-9.394    -0.858  0.0174)
    (-8.788    -0.776  0.0148)
    (-8.182    -0.695  0.0122)
    (-7.576    -0.613  0.0110)
    (-6.970    -0.531  0.0103)
    (-6.364    -0.449  0.0095)
    (-5.758    -0.369  0.0090)
    (-5.152    -0.290  0.0087)
    (-4.545    -0.211  0.0084)
    (-3.939    -0.132  0.0082)
    (-3.333    -0.054  0.0081)
    (-2.727    0.024  0.0080)
    (-2.121    0.102  0.0079)
    (-1.515    0.179  0.0079)
    (-0.909    0.256  0.0079)
    (-0.303    0.333  0.0079)
    ( 0.303    0.409  0.0080)
    ( 0.909    0.486  0.0080)
    ( 1.515    0.562  0.0081)
    ( 2.121    0.637  0.0082)
    ( 2.727    0.712  0.0084)
    ( 3.333    0.787  0.0086)
    ( 3.939    0.861  0.0088)
    ( 4.545    0.935  0.0091)
    ( 5.152    1.008  0.0093)
    ( 5.758    1.080  0.0097)
    ( 6.364    1.151  0.0101)
    ( 6.970    1.221  0.0105)
    ( 7.576    1.289  0.0111)
    ( 8.182    1.357  0.0116)
    ( 8.788    1.422  0.0124)
    ( 9.394    1.485  0.0131)
    (10.000    1.548  0.0139)
    (10.606    1.606  0.0148)
    (11.212    1.663  0.0158)
    (11.818    1.716  0.0169)
    (12.424    1.764  0.0182)
    (13.030    1.809  0.0197)
    (13.636    1.843  0.0217)
    (14.242    1.873  0.0242)
    (14.848    1.895  0.0272)
    (15.455    1.897  0.0317)
    (16.061    1.888  0.0371)
    (16.667    1.842  0.0460)
    (17.273    1.796  0.0549)
    (17.879    1.750  0.0638)
    (18.485    1.694  0.0750)
    (19.091    1.635  0.0869)
    (19.697    1.576  0.0987)
    (20.303    1.528  0.1112)
    (20.909    1.491  0.1243)
    (21.515    1.455  0.1375)
    (22.121    1.418  0.1506)
    (22.727    1.382  0.1633)
    (23.333    1.345  0.1761)
    (23.939    1.308  0.1890)
    (24.545    1.279  0.2033)
    (25.152    1.252  0.2178)
    (25.758    1.228  0.2324)
    (26.364    1.204  0.2472)
    (26.970    1.181  0.2616)
    (27.576    1.158  0.2760)
    (28.182    1.137  0.2911)
    (28.788    1.115  0.3076)
    (29.394    1.095  0.3244)
    (30.000    1.075  0.3417)
    (33.000    1.008  0.4223)
    (36.000    0.995  0.4963)
    (39.000    0.998  0.5736)
    (42.000    1.000  0.6521)
    (45.000    1.001  0.7314)
    (48.000    0.961  0.8110)
    (51.000    0.916  0.8894)
    (54.000    0.866  0.9662)
    (57.000    0.812  1.0411)
    (60.000    0.753  1.1117)
    (63.000    0.689  1.1783)
    (66.000    0.622  1.2408)
    (69.000    0.551  1.2981)
    (72.000    0.476  1.3477)
    (75.000    0.400  1.3915)
    (78.000    0.321  1.4294)
    (81.000    0.241  1.4584)
    (84.000    0.160  1.4792)
    (87.000    0.080  1.4931)
    (90.000    0.000  1.5000)
    (93.000    -0.056  1.4931)
    (96.000    -0.112  1.4792)
    (99.000    -0.168  1.4584)
    (102.000    -0.225  1.4294)
    (105.000    -0.280  1.3915)
    (108.000    -0.334  1.3477)
    (111.000    -0.386  1.2981)
    (114.000    -0.435  1.2408)
    (117.000    -0.482  1.1783)
    (120.000    -0.527  1.1117)
    (123.000    -0.568  1.0411)
    (126.000    -0.606  0.9662)
    (129.000    -0.641  0.8894)
    (132.000    -0.673  0.8110)
    (135.000    -0.701  0.7314)
    (138.000    -0.727  0.6521)
    (141.000    -0.751  0.5736)
    (144.000    -0.775  0.4963)
    (147.000    -0.799  0.4223)
    (150.000    -0.756  0.3508)
    (153.000    -0.681  0.2839)
    (156.000    -0.605  0.2219)
    (159.000    -0.529  0.1651)
    (162.000    -0.454  0.1145)
    (165.000    -0.378  0.0714)
    (168.000    -0.303  0.0360)
    (171.000    -0.227  0.0230)
    (174.000    -0.151  0.0171)
    (177.000    -0.076  0.0134)
    (180.000    0.000  0.0121)
