// From NREL's SOWFA
//   alpha   C_l    C_d
    (-180.000    0.000  0.0293)
    (-177.000    0.089  0.0304)
    (-174.000    0.179  0.0335)
    (-171.000    0.268  0.0385)
    (-168.000    0.358  0.0474)
    (-165.000    0.447  0.0724)
    (-162.000    0.536  0.1093)
    (-159.000    0.626  0.1524)
    (-156.000    0.715  0.2009)
    (-153.000    0.804  0.2539)
    (-150.000    0.894  0.3113)
    (-147.000    0.935  0.3727)
    (-144.000    0.879  0.4363)
    (-141.000    0.830  0.5028)
    (-138.000    0.783  0.5704)
    (-135.000    0.737  0.6387)
    (-132.000    0.692  0.7072)
    (-129.000    0.648  0.7748)
    (-126.000    0.603  0.8410)
    (-123.000    0.556  0.9056)
    (-120.000    0.509  0.9664)
    (-117.000    0.460  1.0238)
    (-114.000    0.410  1.0777)
    (-111.000    0.359  1.1270)
    (-108.000    0.307  1.1697)
    (-105.000    0.255  1.2074)
    (-102.000    0.203  1.2399)
    (-99.000    0.151  1.2648)
    (-96.000    0.099  1.2825)
    (-93.000    0.049  1.2943)
    (-90.000    -0.000  1.3000)
    (-87.000    -0.049  1.2943)
    (-84.000    -0.099  1.2825)
    (-81.000    -0.151  1.2648)
    (-78.000    -0.203  1.2399)
    (-75.000    -0.255  1.2074)
    (-72.000    -0.307  1.1697)
    (-69.000    -0.359  1.1270)
    (-66.000    -0.410  1.0777)
    (-63.000    -0.460  1.0238)
    (-60.000    -0.509  0.9664)
    (-57.000    -0.556  0.9056)
    (-54.000    -0.603  0.8410)
    (-51.000    -0.648  0.7748)
    (-48.000    -0.692  0.7072)
    (-45.000    -0.737  0.6387)
    (-42.000    -0.810  0.5704)
    (-39.000    -0.879  0.5028)
    (-36.000    -0.944  0.4363)
    (-33.000    -1.011  0.3727)
    (-30.000    -1.133  0.2801)
    (-29.394    -1.161  0.2586)
    (-28.788    -1.189  0.2373)
    (-28.182    -1.216  0.2162)
    (-27.576    -1.224  0.2036)
    (-26.970    -1.222  0.1946)
    (-26.364    -1.221  0.1858)
    (-25.758    -1.219  0.1770)
    (-25.152    -1.218  0.1682)
    (-24.545    -1.214  0.1594)
    (-23.939    -1.209  0.1508)
    (-23.333    -1.201  0.1438)
    (-22.727    -1.192  0.1368)
    (-22.121    -1.183  0.1297)
    (-21.515    -1.174  0.1228)
    (-20.909    -1.168  0.1157)
    (-20.303    -1.161  0.1084)
    (-19.697    -1.154  0.1017)
    (-19.091    -1.146  0.0957)
    (-18.485    -1.138  0.0897)
    (-17.879    -1.129  0.0838)
    (-17.273    -1.119  0.0785)
    (-16.667    -1.110  0.0732)
    (-16.061    -1.100  0.0680)
    (-15.455    -1.092  0.0631)
    (-14.848    -1.084  0.0583)
    (-14.242    -1.077  0.0534)
    (-13.636    -1.069  0.0489)
    (-13.030    -1.061  0.0447)
    (-12.424    -1.054  0.0404)
    (-11.818    -1.036  0.0365)
    (-11.212    -0.995  0.0334)
    (-10.606    -0.953  0.0303)
    (-10.000    -0.911  0.0271)
    (-9.394    -0.843  0.0251)
    (-8.788    -0.775  0.0232)
    (-8.182    -0.707  0.0212)
    (-7.576    -0.635  0.0197)
    (-6.970    -0.561  0.0184)
    (-6.364    -0.488  0.0170)
    (-5.758    -0.410  0.0160)
    (-5.152    -0.327  0.0153)
    (-4.545    -0.243  0.0146)
    (-3.939    -0.159  0.0139)
    (-3.333    -0.071  0.0136)
    (-2.727    0.016  0.0133)
    (-2.121    0.104  0.0130)
    (-1.515    0.191  0.0128)
    (-0.909    0.278  0.0127)
    (-0.303    0.364  0.0127)
    ( 0.303    0.449  0.0126)
    ( 0.909    0.534  0.0127)
    ( 1.515    0.617  0.0127)
    ( 2.121    0.700  0.0128)
    ( 2.727    0.782  0.0129)
    ( 3.333    0.864  0.0131)
    ( 3.939    0.945  0.0133)
    ( 4.545    1.024  0.0135)
    ( 5.152    1.104  0.0137)
    ( 5.758    1.182  0.0140)
    ( 6.364    1.259  0.0143)
    ( 6.970    1.336  0.0147)
    ( 7.576    1.411  0.0151)
    ( 8.182    1.485  0.0156)
    ( 8.788    1.557  0.0161)
    ( 9.394    1.626  0.0167)
    (10.000    1.694  0.0174)
    (10.606    1.758  0.0183)
    (11.212    1.820  0.0193)
    (11.818    1.875  0.0206)
    (12.424    1.921  0.0224)
    (13.030    1.963  0.0245)
    (13.636    1.986  0.0280)
    (14.242    2.004  0.0320)
    (14.848    2.015  0.0369)
    (15.455    2.020  0.0426)
    (16.061    2.022  0.0486)
    (16.667    2.014  0.0559)
    (17.273    2.005  0.0632)
    (17.879    1.997  0.0706)
    (18.485    1.961  0.0808)
    (19.091    1.918  0.0918)
    (19.697    1.875  0.1027)
    (20.303    1.837  0.1145)
    (20.909    1.803  0.1271)
    (21.515    1.769  0.1398)
    (22.121    1.735  0.1524)
    (22.727    1.700  0.1651)
    (23.333    1.666  0.1778)
    (23.939    1.632  0.1900)
    (24.545    1.618  0.2023)
    (25.152    1.606  0.2146)
    (25.758    1.591  0.2269)
    (26.364    1.576  0.2392)
    (26.970    1.561  0.2515)
    (27.576    1.545  0.2638)
    (28.182    1.530  0.2761)
    (28.788    1.520  0.2880)
    (29.394    1.508  0.3000)
    (30.000    1.495  0.3120)
    (33.000    1.421  0.3727)
    (36.000    1.329  0.4363)
    (39.000    1.240  0.5028)
    (42.000    1.148  0.5704)
    (45.000    1.053  0.6387)
    (48.000    0.989  0.7072)
    (51.000    0.925  0.7748)
    (54.000    0.861  0.8410)
    (57.000    0.795  0.9056)
    (60.000    0.727  0.9664)
    (63.000    0.657  1.0238)
    (66.000    0.586  1.0777)
    (69.000    0.513  1.1270)
    (72.000    0.439  1.1697)
    (75.000    0.364  1.2074)
    (78.000    0.290  1.2399)
    (81.000    0.215  1.2648)
    (84.000    0.142  1.2825)
    (87.000    0.070  1.2943)
    (90.000    0.000  1.3000)
    (93.000    -0.049  1.2943)
    (96.000    -0.099  1.2825)
    (99.000    -0.151  1.2648)
    (102.000    -0.203  1.2399)
    (105.000    -0.255  1.2074)
    (108.000    -0.307  1.1697)
    (111.000    -0.359  1.1270)
    (114.000    -0.410  1.0777)
    (117.000    -0.460  1.0238)
    (120.000    -0.509  0.9664)
    (123.000    -0.556  0.9056)
    (126.000    -0.603  0.8410)
    (129.000    -0.648  0.7748)
    (132.000    -0.692  0.7072)
    (135.000    -0.737  0.6387)
    (138.000    -0.783  0.5704)
    (141.000    -0.830  0.5028)
    (144.000    -0.879  0.4363)
    (147.000    -0.935  0.3727)
    (150.000    -0.894  0.3113)
    (153.000    -0.804  0.2539)
    (156.000    -0.715  0.2009)
    (159.000    -0.626  0.1524)
    (162.000    -0.536  0.1093)
    (165.000    -0.447  0.0724)
    (168.000    -0.358  0.0474)
    (171.000    -0.268  0.0385)
    (174.000    -0.179  0.0335)
    (177.000    -0.089  0.0304)
    (180.000    0.000  0.0293)
