// From NREL's SOWFA
//   alpha   C_l    C_d
    (-180.000    0.000  0.0267)
    (-177.000    0.087  0.0279)
    (-174.000    0.174  0.0310)
    (-171.000    0.261  0.0359)
    (-168.000    0.348  0.0457)
    (-165.000    0.435  0.0733)
    (-162.000    0.522  0.1101)
    (-159.000    0.609  0.1531)
    (-156.000    0.696  0.2015)
    (-153.000    0.783  0.2546)
    (-150.000    0.870  0.3119)
    (-147.000    0.911  0.3733)
    (-144.000    0.858  0.4369)
    (-141.000    0.811  0.5033)
    (-138.000    0.766  0.5709)
    (-135.000    0.723  0.6392)
    (-132.000    0.680  0.7077)
    (-129.000    0.637  0.7752)
    (-126.000    0.594  0.8414)
    (-123.000    0.549  0.9060)
    (-120.000    0.503  0.9668)
    (-117.000    0.455  1.0241)
    (-114.000    0.406  1.0780)
    (-111.000    0.356  1.1273)
    (-108.000    0.305  1.1699)
    (-105.000    0.254  1.2076)
    (-102.000    0.202  1.2400)
    (-99.000    0.150  1.2649)
    (-96.000    0.099  1.2826)
    (-93.000    0.049  1.2943)
    (-90.000    -0.000  1.3000)
    (-87.000    -0.049  1.2943)
    (-84.000    -0.099  1.2826)
    (-81.000    -0.150  1.2649)
    (-78.000    -0.202  1.2400)
    (-75.000    -0.254  1.2076)
    (-72.000    -0.305  1.1699)
    (-69.000    -0.356  1.1273)
    (-66.000    -0.406  1.0780)
    (-63.000    -0.455  1.0241)
    (-60.000    -0.503  0.9668)
    (-57.000    -0.549  0.9060)
    (-54.000    -0.594  0.8414)
    (-51.000    -0.637  0.7752)
    (-48.000    -0.680  0.7077)
    (-45.000    -0.723  0.6392)
    (-42.000    -0.778  0.5709)
    (-39.000    -0.832  0.5033)
    (-36.000    -0.886  0.4369)
    (-33.000    -0.943  0.3733)
    (-30.000    -1.058  0.2827)
    (-29.394    -1.086  0.2619)
    (-28.788    -1.114  0.2413)
    (-28.182    -1.141  0.2209)
    (-27.576    -1.150  0.2084)
    (-26.970    -1.151  0.1991)
    (-26.364    -1.151  0.1900)
    (-25.758    -1.151  0.1809)
    (-25.152    -1.152  0.1717)
    (-24.545    -1.151  0.1626)
    (-23.939    -1.150  0.1536)
    (-23.333    -1.148  0.1459)
    (-22.727    -1.146  0.1383)
    (-22.121    -1.143  0.1306)
    (-21.515    -1.139  0.1231)
    (-20.909    -1.138  0.1154)
    (-20.303    -1.137  0.1076)
    (-19.697    -1.136  0.1005)
    (-19.091    -1.135  0.0941)
    (-18.485    -1.133  0.0877)
    (-17.879    -1.131  0.0815)
    (-17.273    -1.127  0.0760)
    (-16.667    -1.123  0.0704)
    (-16.061    -1.119  0.0649)
    (-15.455    -1.115  0.0600)
    (-14.848    -1.112  0.0551)
    (-14.242    -1.109  0.0503)
    (-13.636    -1.104  0.0458)
    (-13.030    -1.097  0.0416)
    (-12.424    -1.090  0.0373)
    (-11.818    -1.070  0.0335)
    (-11.212    -1.018  0.0307)
    (-10.606    -0.967  0.0278)
    (-10.000    -0.915  0.0250)
    (-9.394    -0.847  0.0232)
    (-8.788    -0.779  0.0214)
    (-8.182    -0.711  0.0196)
    (-7.576    -0.641  0.0182)
    (-6.970    -0.568  0.0171)
    (-6.364    -0.495  0.0159)
    (-5.758    -0.418  0.0149)
    (-5.152    -0.334  0.0143)
    (-4.545    -0.251  0.0136)
    (-3.939    -0.167  0.0130)
    (-3.333    -0.081  0.0128)
    (-2.727    0.006  0.0125)
    (-2.121    0.092  0.0122)
    (-1.515    0.177  0.0121)
    (-0.909    0.263  0.0120)
    (-0.303    0.347  0.0119)
    ( 0.303    0.431  0.0119)
    ( 0.909    0.514  0.0120)
    ( 1.515    0.597  0.0120)
    ( 2.121    0.679  0.0121)
    ( 2.727    0.760  0.0122)
    ( 3.333    0.840  0.0124)
    ( 3.939    0.920  0.0126)
    ( 4.545    0.999  0.0128)
    ( 5.152    1.077  0.0130)
    ( 5.758    1.155  0.0133)
    ( 6.364    1.232  0.0136)
    ( 6.970    1.308  0.0139)
    ( 7.576    1.382  0.0143)
    ( 8.182    1.455  0.0148)
    ( 8.788    1.526  0.0153)
    ( 9.394    1.595  0.0159)
    (10.000    1.663  0.0165)
    (10.606    1.727  0.0173)
    (11.212    1.788  0.0183)
    (11.818    1.844  0.0194)
    (12.424    1.893  0.0210)
    (13.030    1.938  0.0227)
    (13.636    1.968  0.0255)
    (14.242    1.990  0.0287)
    (14.848    2.003  0.0327)
    (15.455    2.006  0.0380)
    (16.061    2.004  0.0439)
    (16.667    1.988  0.0516)
    (17.273    1.973  0.0592)
    (17.879    1.956  0.0669)
    (18.485    1.914  0.0775)
    (19.091    1.864  0.0889)
    (19.697    1.815  0.1002)
    (20.303    1.771  0.1125)
    (20.909    1.734  0.1255)
    (21.515    1.696  0.1386)
    (22.121    1.658  0.1516)
    (22.727    1.620  0.1647)
    (23.333    1.582  0.1778)
    (23.939    1.544  0.1905)
    (24.545    1.526  0.2029)
    (25.152    1.510  0.2152)
    (25.758    1.493  0.2276)
    (26.364    1.476  0.2400)
    (26.970    1.458  0.2524)
    (27.576    1.440  0.2648)
    (28.182    1.424  0.2771)
    (28.788    1.416  0.2890)
    (29.394    1.407  0.3009)
    (30.000    1.397  0.3128)
    (33.000    1.337  0.3733)
    (36.000    1.256  0.4369)
    (39.000    1.182  0.5033)
    (42.000    1.107  0.5709)
    (45.000    1.032  0.6392)
    (48.000    0.971  0.7077)
    (51.000    0.910  0.7752)
    (54.000    0.848  0.8414)
    (57.000    0.784  0.9060)
    (60.000    0.718  0.9668)
    (63.000    0.650  1.0241)
    (66.000    0.580  1.0780)
    (69.000    0.509  1.1273)
    (72.000    0.436  1.1699)
    (75.000    0.362  1.2076)
    (78.000    0.288  1.2400)
    (81.000    0.214  1.2649)
    (84.000    0.141  1.2826)
    (87.000    0.070  1.2943)
    (90.000    0.000  1.3000)
    (93.000    -0.049  1.2943)
    (96.000    -0.099  1.2826)
    (99.000    -0.150  1.2649)
    (102.000    -0.202  1.2400)
    (105.000    -0.254  1.2076)
    (108.000    -0.305  1.1699)
    (111.000    -0.356  1.1273)
    (114.000    -0.406  1.0780)
    (117.000    -0.455  1.0241)
    (120.000    -0.503  0.9668)
    (123.000    -0.549  0.9060)
    (126.000    -0.594  0.8414)
    (129.000    -0.637  0.7752)
    (132.000    -0.680  0.7077)
    (135.000    -0.723  0.6392)
    (138.000    -0.766  0.5709)
    (141.000    -0.811  0.5033)
    (144.000    -0.858  0.4369)
    (147.000    -0.911  0.3733)
    (150.000    -0.870  0.3119)
    (153.000    -0.783  0.2546)
    (156.000    -0.696  0.2015)
    (159.000    -0.609  0.1531)
    (162.000    -0.522  0.1101)
    (165.000    -0.435  0.0733)
    (168.000    -0.348  0.0457)
    (171.000    -0.261  0.0359)
    (174.000    -0.174  0.0310)
    (177.000    -0.087  0.0279)
    (180.000    0.000  0.0267)
