// From NREL's SOWFA
//   alpha   C_l    C_d
    (-180.000    0.000  0.0595)
    (-177.000    0.117  0.0601)
    (-174.000    0.235  0.0617)
    (-171.000    0.352  0.0644)
    (-168.000    0.470  0.0722)
    (-165.000    0.587  0.0890)
    (-162.000    0.705  0.1154)
    (-159.000    0.802  0.1487)
    (-156.000    0.858  0.1979)
    (-153.000    0.913  0.2491)
    (-150.000    0.962  0.3022)
    (-147.000    0.958  0.3639)
    (-144.000    0.898  0.4286)
    (-141.000    0.842  0.4935)
    (-138.000    0.791  0.5602)
    (-135.000    0.743  0.6277)
    (-132.000    0.696  0.6953)
    (-129.000    0.649  0.7619)
    (-126.000    0.601  0.8268)
    (-123.000    0.554  0.8906)
    (-120.000    0.505  0.9522)
    (-117.000    0.455  1.0076)
    (-114.000    0.405  1.0608)
    (-111.000    0.354  1.1113)
    (-108.000    0.302  1.1534)
    (-105.000    0.250  1.1904)
    (-102.000    0.198  1.2241)
    (-99.000    0.147  1.2505)
    (-96.000    0.097  1.2674)
    (-93.000    0.048  1.2806)
    (-90.000    -0.000  1.2899)
    (-87.000    -0.048  1.2806)
    (-84.000    -0.097  1.2674)
    (-81.000    -0.147  1.2505)
    (-78.000    -0.198  1.2241)
    (-75.000    -0.250  1.1904)
    (-72.000    -0.302  1.1534)
    (-69.000    -0.354  1.1113)
    (-66.000    -0.405  1.0608)
    (-63.000    -0.455  1.0076)
    (-60.000    -0.505  0.9522)
    (-57.000    -0.553  0.8906)
    (-54.000    -0.601  0.8268)
    (-51.000    -0.649  0.7619)
    (-48.000    -0.696  0.6953)
    (-45.000    -0.743  0.6277)
    (-42.000    -0.829  0.5602)
    (-39.000    -0.917  0.4935)
    (-36.000    -1.010  0.4287)
    (-33.000    -1.108  0.3639)
    (-30.000    -1.206  0.2855)
    (-29.394    -1.219  0.2689)
    (-28.788    -1.234  0.2531)
    (-28.182    -1.249  0.2374)
    (-27.576    -1.256  0.2268)
    (-26.970    -1.260  0.2183)
    (-26.364    -1.265  0.2106)
    (-25.758    -1.270  0.2029)
    (-25.152    -1.275  0.1952)
    (-24.545    -1.275  0.1874)
    (-23.939    -1.274  0.1795)
    (-23.333    -1.271  0.1716)
    (-22.727    -1.269  0.1637)
    (-22.121    -1.267  0.1558)
    (-21.515    -1.265  0.1480)
    (-20.909    -1.262  0.1401)
    (-20.303    -1.259  0.1323)
    (-19.697    -1.252  0.1257)
    (-19.091    -1.234  0.1217)
    (-18.485    -1.228  0.1166)
    (-17.879    -1.201  0.1124)
    (-17.273    -1.173  0.1078)
    (-16.667    -1.144  0.1031)
    (-16.061    -1.111  0.0990)
    (-15.455    -1.083  0.0946)
    (-14.848    -1.053  0.0904)
    (-14.242    -1.021  0.0866)
    (-13.636    -0.990  0.0827)
    (-13.030    -0.961  0.0788)
    (-12.424    -0.927  0.0754)
    (-11.818    -0.897  0.0718)
    (-11.212    -0.863  0.0686)
    (-10.606    -0.835  0.0650)
    (-10.000    -0.807  0.0617)
    (-9.394    -0.751  0.0592)
    (-8.788    -0.691  0.0566)
    (-8.182    -0.626  0.0542)
    (-7.576    -0.552  0.0526)
    (-6.970    -0.474  0.0511)
    (-6.364    -0.394  0.0497)
    (-5.758    -0.315  0.0486)
    (-5.152    -0.233  0.0476)
    (-4.545    -0.152  0.0467)
    (-3.939    -0.071  0.0459)
    (-3.333    0.012  0.0455)
    (-2.727    0.090  0.0452)
    (-2.121    0.168  0.0449)
    (-1.515    0.245  0.0447)
    (-0.909    0.325  0.0446)
    (-0.303    0.408  0.0446)
    ( 0.303    0.490  0.0446)
    ( 0.909    0.573  0.0446)
    ( 1.515    0.655  0.0447)
    ( 2.121    0.736  0.0448)
    ( 2.727    0.817  0.0450)
    ( 3.333    0.896  0.0453)
    ( 3.939    0.976  0.0455)
    ( 4.545    1.054  0.0458)
    ( 5.152    1.132  0.0461)
    ( 5.758    1.208  0.0464)
    ( 6.364    1.284  0.0469)
    ( 6.970    1.358  0.0474)
    ( 7.576    1.431  0.0479)
    ( 8.182    1.502  0.0486)
    ( 8.788    1.571  0.0494)
    ( 9.394    1.637  0.0504)
    (10.000    1.699  0.0515)
    (10.606    1.755  0.0532)
    (11.212    1.804  0.0554)
    (11.818    1.836  0.0585)
    (12.424    1.865  0.0625)
    (13.030    1.894  0.0666)
    (13.636    1.917  0.0715)
    (14.242    1.941  0.0763)
    (14.848    1.969  0.0809)
    (15.455    1.992  0.0860)
    (16.061    2.008  0.0920)
    (16.667    2.012  0.0998)
    (17.273    2.019  0.1073)
    (17.879    1.991  0.1158)
    (18.485    1.959  0.1249)
    (19.091    1.931  0.1338)
    (19.697    1.900  0.1429)
    (20.303    1.874  0.1521)
    (20.909    1.854  0.1611)
    (21.515    1.835  0.1699)
    (22.121    1.820  0.1783)
    (22.727    1.807  0.1864)
    (23.333    1.795  0.1947)
    (23.939    1.783  0.2030)
    (24.545    1.774  0.2122)
    (25.152    1.759  0.2225)
    (25.758    1.738  0.2332)
    (26.364    1.716  0.2439)
    (26.970    1.694  0.2547)
    (27.576    1.672  0.2654)
    (28.182    1.651  0.2761)
    (28.788    1.633  0.2868)
    (29.394    1.620  0.2976)
    (30.000    1.604  0.3089)
    (33.000    1.514  0.3684)
    (36.000    1.392  0.4317)
    (39.000    1.276  0.4958)
    (42.000    1.166  0.5619)
    (45.000    1.061  0.6288)
    (48.000    0.994  0.6958)
    (51.000    0.927  0.7619)
    (54.000    0.859  0.8268)
    (57.000    0.791  0.8906)
    (60.000    0.722  0.9522)
    (63.000    0.650  1.0076)
    (66.000    0.578  1.0608)
    (69.000    0.505  1.1113)
    (72.000    0.432  1.1534)
    (75.000    0.358  1.1904)
    (78.000    0.284  1.2241)
    (81.000    0.210  1.2505)
    (84.000    0.139  1.2674)
    (87.000    0.069  1.2806)
    (90.000    0.000  1.2899)
    (93.000    -0.048  1.2806)
    (96.000    -0.097  1.2674)
    (99.000    -0.147  1.2505)
    (102.000    -0.198  1.2241)
    (105.000    -0.250  1.1904)
    (108.000    -0.302  1.1534)
    (111.000    -0.354  1.1113)
    (114.000    -0.405  1.0608)
    (117.000    -0.455  1.0076)
    (120.000    -0.505  0.9522)
    (123.000    -0.553  0.8906)
    (126.000    -0.601  0.8268)
    (129.000    -0.649  0.7619)
    (132.000    -0.696  0.6953)
    (135.000    -0.743  0.6277)
    (138.000    -0.791  0.5602)
    (141.000    -0.842  0.4935)
    (144.000    -0.898  0.4286)
    (147.000    -0.958  0.3639)
    (150.000    -0.962  0.3022)
    (153.000    -0.913  0.2491)
    (156.000    -0.858  0.1979)
    (159.000    -0.802  0.1487)
    (162.000    -0.705  0.1154)
    (165.000    -0.587  0.0890)
    (168.000    -0.470  0.0722)
    (171.000    -0.352  0.0644)
    (174.000    -0.235  0.0617)
    (177.000    -0.117  0.0601)
    (180.000    0.000  0.0595)
