// From NREL's SOWFA
//   alpha   C_l    C_d
    (-180.000    0.000  0.0372)
    (-177.000    0.094  0.0383)
    (-174.000    0.188  0.0414)
    (-171.000    0.283  0.0463)
    (-168.000    0.377  0.0540)
    (-165.000    0.471  0.0752)
    (-162.000    0.565  0.1122)
    (-159.000    0.660  0.1553)
    (-156.000    0.754  0.2038)
    (-153.000    0.848  0.2568)
    (-150.000    0.942  0.3141)
    (-147.000    0.984  0.3754)
    (-144.000    0.922  0.4389)
    (-141.000    0.867  0.5053)
    (-138.000    0.815  0.5727)
    (-135.000    0.766  0.6410)
    (-132.000    0.717  0.7094)
    (-129.000    0.669  0.7768)
    (-126.000    0.620  0.8429)
    (-123.000    0.571  0.9073)
    (-120.000    0.521  0.9680)
    (-117.000    0.469  1.0253)
    (-114.000    0.418  1.0790)
    (-111.000    0.365  1.1282)
    (-108.000    0.311  1.1707)
    (-105.000    0.258  1.2082)
    (-102.000    0.205  1.2406)
    (-99.000    0.152  1.2653)
    (-96.000    0.100  1.2828)
    (-93.000    0.049  1.2944)
    (-90.000    -0.000  1.3000)
    (-87.000    -0.049  1.2944)
    (-84.000    -0.100  1.2828)
    (-81.000    -0.152  1.2653)
    (-78.000    -0.205  1.2406)
    (-75.000    -0.258  1.2082)
    (-72.000    -0.311  1.1707)
    (-69.000    -0.365  1.1282)
    (-66.000    -0.418  1.0790)
    (-63.000    -0.469  1.0253)
    (-60.000    -0.521  0.9680)
    (-57.000    -0.571  0.9073)
    (-54.000    -0.620  0.8429)
    (-51.000    -0.669  0.7768)
    (-48.000    -0.717  0.7094)
    (-45.000    -0.766  0.6410)
    (-42.000    -0.853  0.5727)
    (-39.000    -0.942  0.5053)
    (-36.000    -1.034  0.4389)
    (-33.000    -1.134  0.3754)
    (-30.000    -1.246  0.2796)
    (-29.394    -1.270  0.2570)
    (-28.788    -1.294  0.2343)
    (-28.182    -1.318  0.2117)
    (-27.576    -1.324  0.1996)
    (-26.970    -1.323  0.1919)
    (-26.364    -1.322  0.1842)
    (-25.758    -1.320  0.1766)
    (-25.152    -1.319  0.1689)
    (-24.545    -1.312  0.1613)
    (-23.939    -1.303  0.1537)
    (-23.333    -1.292  0.1469)
    (-22.727    -1.281  0.1402)
    (-22.121    -1.271  0.1334)
    (-21.515    -1.252  0.1266)
    (-20.909    -1.230  0.1199)
    (-20.303    -1.208  0.1131)
    (-19.697    -1.186  0.1071)
    (-19.091    -1.162  0.1019)
    (-18.485    -1.139  0.0967)
    (-17.879    -1.115  0.0915)
    (-17.273    -1.090  0.0865)
    (-16.667    -1.065  0.0815)
    (-16.061    -1.040  0.0765)
    (-15.455    -1.017  0.0718)
    (-14.848    -0.994  0.0671)
    (-14.242    -0.971  0.0624)
    (-13.636    -0.949  0.0580)
    (-13.030    -0.929  0.0537)
    (-12.424    -0.908  0.0494)
    (-11.818    -0.887  0.0454)
    (-11.212    -0.867  0.0417)
    (-10.606    -0.847  0.0381)
    (-10.000    -0.827  0.0344)
    (-9.394    -0.773  0.0317)
    (-8.788    -0.719  0.0290)
    (-8.182    -0.665  0.0263)
    (-7.576    -0.595  0.0243)
    (-6.970    -0.519  0.0226)
    (-6.364    -0.442  0.0210)
    (-5.758    -0.364  0.0195)
    (-5.152    -0.284  0.0185)
    (-4.545    -0.203  0.0175)
    (-3.939    -0.122  0.0165)
    (-3.333    -0.033  0.0161)
    (-2.727    0.056  0.0156)
    (-2.121    0.144  0.0152)
    (-1.515    0.234  0.0149)
    (-0.909    0.325  0.0148)
    (-0.303    0.415  0.0147)
    ( 0.303    0.504  0.0147)
    ( 0.909    0.593  0.0147)
    ( 1.515    0.680  0.0148)
    ( 2.121    0.767  0.0149)
    ( 2.727    0.852  0.0150)
    ( 3.333    0.937  0.0152)
    ( 3.939    1.021  0.0154)
    ( 4.545    1.103  0.0157)
    ( 5.152    1.184  0.0160)
    ( 5.758    1.264  0.0164)
    ( 6.364    1.343  0.0168)
    ( 6.970    1.421  0.0173)
    ( 7.576    1.495  0.0179)
    ( 8.182    1.568  0.0186)
    ( 8.788    1.637  0.0194)
    ( 9.394    1.703  0.0204)
    (10.000    1.767  0.0215)
    (10.606    1.822  0.0233)
    (11.212    1.871  0.0256)
    (11.818    1.910  0.0288)
    (12.424    1.939  0.0331)
    (13.030    1.962  0.0381)
    (13.636    1.968  0.0445)
    (14.242    1.977  0.0508)
    (14.848    1.990  0.0569)
    (15.455    1.997  0.0637)
    (16.061    1.998  0.0709)
    (16.667    1.977  0.0806)
    (17.273    1.955  0.0902)
    (17.879    1.934  0.0998)
    (18.485    1.911  0.1108)
    (19.091    1.887  0.1222)
    (19.697    1.864  0.1335)
    (20.303    1.834  0.1446)
    (20.909    1.815  0.1553)
    (21.515    1.796  0.1660)
    (22.121    1.776  0.1767)
    (22.727    1.757  0.1875)
    (23.333    1.738  0.1982)
    (23.939    1.719  0.2090)
    (24.545    1.715  0.2198)
    (25.152    1.710  0.2307)
    (25.758    1.699  0.2417)
    (26.364    1.689  0.2526)
    (26.970    1.679  0.2635)
    (27.576    1.668  0.2744)
    (28.182    1.658  0.2853)
    (28.788    1.648  0.2962)
    (29.394    1.639  0.3072)
    (30.000    1.629  0.3181)
    (33.000    1.556  0.3754)
    (36.000    1.430  0.4389)
    (39.000    1.314  0.5053)
    (42.000    1.202  0.5727)
    (45.000    1.094  0.6410)
    (48.000    1.024  0.7094)
    (51.000    0.955  0.7768)
    (54.000    0.886  0.8429)
    (57.000    0.816  0.9073)
    (60.000    0.744  0.9680)
    (63.000    0.671  1.0253)
    (66.000    0.596  1.0790)
    (69.000    0.521  1.1282)
    (72.000    0.445  1.1707)
    (75.000    0.369  1.2082)
    (78.000    0.292  1.2406)
    (81.000    0.217  1.2653)
    (84.000    0.142  1.2828)
    (87.000    0.070  1.2944)
    (90.000    0.000  1.3000)
    (93.000    -0.049  1.2944)
    (96.000    -0.100  1.2828)
    (99.000    -0.152  1.2653)
    (102.000    -0.205  1.2406)
    (105.000    -0.258  1.2082)
    (108.000    -0.311  1.1707)
    (111.000    -0.365  1.1282)
    (114.000    -0.418  1.0790)
    (117.000    -0.469  1.0253)
    (120.000    -0.521  0.9680)
    (123.000    -0.571  0.9073)
    (126.000    -0.620  0.8429)
    (129.000    -0.669  0.7768)
    (132.000    -0.717  0.7094)
    (135.000    -0.766  0.6410)
    (138.000    -0.815  0.5727)
    (141.000    -0.867  0.5053)
    (144.000    -0.922  0.4389)
    (147.000    -0.984  0.3754)
    (150.000    -0.942  0.3141)
    (153.000    -0.848  0.2568)
    (156.000    -0.754  0.2038)
    (159.000    -0.660  0.1553)
    (162.000    -0.565  0.1122)
    (165.000    -0.471  0.0752)
    (168.000    -0.377  0.0540)
    (171.000    -0.283  0.0463)
    (174.000    -0.188  0.0414)
    (177.000    -0.094  0.0383)
    (180.000    0.000  0.0372)
