// From NREL's SOWFA
//   alpha   C_l    C_d
    (-180.000    0.000  0.0175)
    (-177.000    0.083  0.0187)
    (-174.000    0.165  0.0220)
    (-171.000    0.248  0.0273)
    (-168.000    0.331  0.0402)
    (-165.000    0.413  0.0729)
    (-162.000    0.496  0.1120)
    (-159.000    0.579  0.1574)
    (-156.000    0.661  0.2085)
    (-153.000    0.744  0.2644)
    (-150.000    0.827  0.3248)
    (-147.000    0.868  0.3894)
    (-144.000    0.826  0.4563)
    (-141.000    0.788  0.5263)
    (-138.000    0.751  0.5974)
    (-135.000    0.715  0.6693)
    (-132.000    0.677  0.7414)
    (-129.000    0.638  0.8125)
    (-126.000    0.598  0.8822)
    (-123.000    0.555  0.9502)
    (-120.000    0.511  1.0143)
    (-117.000    0.464  1.0747)
    (-114.000    0.416  1.1314)
    (-111.000    0.366  1.1834)
    (-108.000    0.314  1.2284)
    (-105.000    0.262  1.2682)
    (-102.000    0.209  1.3025)
    (-99.000    0.156  1.3288)
    (-96.000    0.103  1.3475)
    (-93.000    0.051  1.3600)
    (-90.000    -0.000  1.3662)
    (-87.000    -0.051  1.3600)
    (-84.000    -0.103  1.3475)
    (-81.000    -0.156  1.3288)
    (-78.000    -0.209  1.3025)
    (-75.000    -0.262  1.2682)
    (-72.000    -0.314  1.2284)
    (-69.000    -0.366  1.1834)
    (-66.000    -0.416  1.1314)
    (-63.000    -0.464  1.0747)
    (-60.000    -0.511  1.0143)
    (-57.000    -0.555  0.9502)
    (-54.000    -0.598  0.8822)
    (-51.000    -0.638  0.8125)
    (-48.000    -0.677  0.7414)
    (-45.000    -0.715  0.6693)
    (-42.000    -0.734  0.5974)
    (-39.000    -0.757  0.5263)
    (-36.000    -0.784  0.4563)
    (-33.000    -0.819  0.3894)
    (-30.000    -0.940  0.2930)
    (-29.394    -0.973  0.2704)
    (-28.788    -1.007  0.2478)
    (-28.182    -1.040  0.2251)
    (-27.576    -1.049  0.2121)
    (-26.970    -1.047  0.2033)
    (-26.364    -1.044  0.1944)
    (-25.758    -1.042  0.1855)
    (-25.152    -1.041  0.1765)
    (-24.545    -1.041  0.1675)
    (-23.939    -1.041  0.1586)
    (-23.333    -1.042  0.1506)
    (-22.727    -1.043  0.1427)
    (-22.121    -1.044  0.1347)
    (-21.515    -1.045  0.1266)
    (-20.909    -1.046  0.1186)
    (-20.303    -1.047  0.1106)
    (-19.697    -1.046  0.1035)
    (-19.091    -1.045  0.0972)
    (-18.485    -1.043  0.0910)
    (-17.879    -1.042  0.0848)
    (-17.273    -1.038  0.0792)
    (-16.667    -1.035  0.0736)
    (-16.061    -1.032  0.0680)
    (-15.455    -1.044  0.0620)
    (-14.848    -1.059  0.0559)
    (-14.242    -1.076  0.0498)
    (-13.636    -1.085  0.0444)
    (-13.030    -1.088  0.0394)
    (-12.424    -1.090  0.0345)
    (-11.818    -1.076  0.0301)
    (-11.212    -1.025  0.0268)
    (-10.606    -0.975  0.0235)
    (-10.000    -0.923  0.0203)
    (-9.394    -0.855  0.0188)
    (-8.788    -0.786  0.0173)
    (-8.182    -0.717  0.0158)
    (-7.576    -0.642  0.0147)
    (-6.970    -0.565  0.0137)
    (-6.364    -0.489  0.0128)
    (-5.758    -0.410  0.0121)
    (-5.152    -0.326  0.0117)
    (-4.545    -0.243  0.0112)
    (-3.939    -0.160  0.0108)
    (-3.333    -0.077  0.0106)
    (-2.727    0.006  0.0105)
    (-2.121    0.089  0.0103)
    (-1.515    0.172  0.0102)
    (-0.909    0.252  0.0101)
    (-0.303    0.332  0.0101)
    ( 0.303    0.412  0.0102)
    ( 0.909    0.492  0.0102)
    ( 1.515    0.571  0.0103)
    ( 2.121    0.650  0.0104)
    ( 2.727    0.728  0.0105)
    ( 3.333    0.806  0.0107)
    ( 3.939    0.884  0.0109)
    ( 4.545    0.960  0.0111)
    ( 5.152    1.036  0.0113)
    ( 5.758    1.111  0.0117)
    ( 6.364    1.185  0.0120)
    ( 6.970    1.259  0.0123)
    ( 7.576    1.331  0.0127)
    ( 8.182    1.402  0.0132)
    ( 8.788    1.472  0.0137)
    ( 9.394    1.539  0.0143)
    (10.000    1.606  0.0149)
    (10.606    1.668  0.0157)
    (11.212    1.727  0.0166)
    (11.818    1.782  0.0177)
    (12.424    1.831  0.0191)
    (13.030    1.876  0.0207)
    (13.636    1.911  0.0229)
    (14.242    1.928  0.0263)
    (14.848    1.915  0.0311)
    (15.455    1.902  0.0369)
    (16.061    1.884  0.0434)
    (16.667    1.835  0.0532)
    (17.273    1.785  0.0631)
    (17.879    1.736  0.0730)
    (18.485    1.681  0.0850)
    (19.091    1.624  0.0976)
    (19.697    1.567  0.1102)
    (20.303    1.523  0.1229)
    (20.909    1.491  0.1355)
    (21.515    1.459  0.1482)
    (22.121    1.427  0.1608)
    (22.727    1.395  0.1735)
    (23.333    1.364  0.1862)
    (23.939    1.332  0.1989)
    (24.545    1.320  0.2110)
    (25.152    1.311  0.2229)
    (25.758    1.303  0.2348)
    (26.364    1.297  0.2468)
    (26.970    1.293  0.2582)
    (27.576    1.287  0.2699)
    (28.182    1.279  0.2822)
    (28.788    1.266  0.2957)
    (29.394    1.254  0.3092)
    (30.000    1.242  0.3226)
    (33.000    1.185  0.3894)
    (36.000    1.134  0.4563)
    (39.000    1.092  0.5263)
    (42.000    1.054  0.5974)
    (45.000    1.021  0.6693)
    (48.000    0.968  0.7414)
    (51.000    0.912  0.8125)
    (54.000    0.854  0.8822)
    (57.000    0.793  0.9502)
    (60.000    0.729  1.0143)
    (63.000    0.663  1.0747)
    (66.000    0.594  1.1314)
    (69.000    0.523  1.1834)
    (72.000    0.449  1.2284)
    (75.000    0.375  1.2682)
    (78.000    0.299  1.3025)
    (81.000    0.223  1.3288)
    (84.000    0.148  1.3475)
    (87.000    0.073  1.3600)
    (90.000    0.000  1.3662)
    (93.000    -0.051  1.3600)
    (96.000    -0.103  1.3475)
    (99.000    -0.156  1.3288)
    (102.000    -0.209  1.3025)
    (105.000    -0.262  1.2682)
    (108.000    -0.314  1.2284)
    (111.000    -0.366  1.1834)
    (114.000    -0.416  1.1314)
    (117.000    -0.464  1.0747)
    (120.000    -0.511  1.0143)
    (123.000    -0.555  0.9502)
    (126.000    -0.598  0.8822)
    (129.000    -0.638  0.8125)
    (132.000    -0.677  0.7414)
    (135.000    -0.715  0.6693)
    (138.000    -0.751  0.5974)
    (141.000    -0.788  0.5263)
    (144.000    -0.826  0.4563)
    (147.000    -0.868  0.3894)
    (150.000    -0.827  0.3248)
    (153.000    -0.744  0.2644)
    (156.000    -0.661  0.2085)
    (159.000    -0.579  0.1574)
    (162.000    -0.496  0.1120)
    (165.000    -0.413  0.0729)
    (168.000    -0.331  0.0402)
    (171.000    -0.248  0.0273)
    (174.000    -0.165  0.0220)
    (177.000    -0.083  0.0187)
    (180.000    0.000  0.0175)
