// From NREL's SOWFA
//   alpha   C_l    C_d
    (-180.000    0.000  0.0161)
    (-177.000    0.073  0.0174)
    (-174.000    0.147  0.0211)
    (-171.000    0.220  0.0270)
    (-168.000    0.294  0.0447)
    (-165.000    0.367  0.0803)
    (-162.000    0.441  0.1235)
    (-159.000    0.514  0.1742)
    (-156.000    0.588  0.2312)
    (-153.000    0.661  0.2933)
    (-150.000    0.734  0.3603)
    (-147.000    0.777  0.4319)
    (-144.000    0.756  0.5059)
    (-141.000    0.735  0.5833)
    (-138.000    0.713  0.6618)
    (-135.000    0.690  0.7412)
    (-132.000    0.664  0.8207)
    (-129.000    0.634  0.8989)
    (-126.000    0.600  0.9751)
    (-123.000    0.564  1.0493)
    (-120.000    0.523  1.1193)
    (-117.000    0.480  1.1852)
    (-114.000    0.434  1.2470)
    (-111.000    0.385  1.3035)
    (-108.000    0.333  1.3524)
    (-105.000    0.279  1.3955)
    (-102.000    0.224  1.4325)
    (-99.000    0.168  1.4608)
    (-96.000    0.112  1.4808)
    (-93.000    0.056  1.4939)
    (-90.000    -0.000  1.5000)
    (-87.000    -0.056  1.4939)
    (-84.000    -0.112  1.4808)
    (-81.000    -0.168  1.4608)
    (-78.000    -0.224  1.4325)
    (-75.000    -0.279  1.3955)
    (-72.000    -0.333  1.3524)
    (-69.000    -0.385  1.3035)
    (-66.000    -0.434  1.2470)
    (-63.000    -0.480  1.1852)
    (-60.000    -0.523  1.1193)
    (-57.000    -0.564  1.0493)
    (-54.000    -0.600  0.9751)
    (-51.000    -0.634  0.8989)
    (-48.000    -0.664  0.8207)
    (-45.000    -0.690  0.7412)
    (-42.000    -0.676  0.6618)
    (-39.000    -0.660  0.5833)
    (-36.000    -0.644  0.5059)
    (-33.000    -0.645  0.4319)
    (-30.000    -0.749  0.3273)
    (-29.394    -0.781  0.3029)
    (-28.788    -0.815  0.2784)
    (-28.182    -0.849  0.2538)
    (-27.576    -0.878  0.2356)
    (-26.970    -0.905  0.2203)
    (-26.364    -0.931  0.2051)
    (-25.758    -0.957  0.1902)
    (-25.152    -0.983  0.1752)
    (-24.545    -1.016  0.1601)
    (-23.939    -1.047  0.1448)
    (-23.333    -1.059  0.1364)
    (-22.727    -1.070  0.1280)
    (-22.121    -1.082  0.1195)
    (-21.515    -1.093  0.1111)
    (-20.909    -1.105  0.1027)
    (-20.303    -1.116  0.0943)
    (-19.697    -1.122  0.0872)
    (-19.091    -1.123  0.0815)
    (-18.485    -1.124  0.0757)
    (-17.879    -1.124  0.0702)
    (-17.273    -1.119  0.0654)
    (-16.667    -1.115  0.0606)
    (-16.061    -1.110  0.0558)
    (-15.455    -1.102  0.0516)
    (-14.848    -1.091  0.0476)
    (-14.242    -1.083  0.0436)
    (-13.636    -1.074  0.0398)
    (-13.030    -1.063  0.0358)
    (-12.424    -1.052  0.0318)
    (-11.818    -1.033  0.0280)
    (-11.212    -0.996  0.0247)
    (-10.606    -0.956  0.0214)
    (-10.000    -0.920  0.0180)
    (-9.394    -0.841  0.0158)
    (-8.788    -0.759  0.0136)
    (-8.182    -0.678  0.0116)
    (-7.576    -0.598  0.0106)
    (-6.970    -0.517  0.0099)
    (-6.364    -0.437  0.0093)
    (-5.758    -0.358  0.0087)
    (-5.152    -0.280  0.0083)
    (-4.545    -0.201  0.0079)
    (-3.939    -0.124  0.0076)
    (-3.333    -0.047  0.0075)
    (-2.727    0.030  0.0074)
    (-2.121    0.107  0.0073)
    (-1.515    0.183  0.0073)
    (-0.909    0.259  0.0073)
    (-0.303    0.335  0.0073)
    ( 0.303    0.410  0.0074)
    ( 0.909    0.486  0.0074)
    ( 1.515    0.561  0.0075)
    ( 2.121    0.636  0.0077)
    ( 2.727    0.710  0.0078)
    ( 3.333    0.784  0.0080)
    ( 3.939    0.857  0.0082)
    ( 4.545    0.930  0.0085)
    ( 5.152    1.002  0.0088)
    ( 5.758    1.073  0.0091)
    ( 6.364    1.143  0.0096)
    ( 6.970    1.212  0.0101)
    ( 7.576    1.279  0.0107)
    ( 8.182    1.345  0.0114)
    ( 8.788    1.408  0.0122)
    ( 9.394    1.471  0.0130)
    (10.000    1.532  0.0138)
    (10.606    1.590  0.0147)
    (11.212    1.646  0.0157)
    (11.818    1.699  0.0169)
    (12.424    1.746  0.0182)
    (13.030    1.791  0.0197)
    (13.636    1.824  0.0218)
    (14.242    1.851  0.0245)
    (14.848    1.870  0.0279)
    (15.455    1.864  0.0330)
    (16.061    1.846  0.0390)
    (16.667    1.798  0.0483)
    (17.273    1.749  0.0576)
    (17.879    1.701  0.0669)
    (18.485    1.649  0.0778)
    (19.091    1.597  0.0892)
    (19.697    1.544  0.1005)
    (20.303    1.501  0.1124)
    (20.909    1.467  0.1250)
    (21.515    1.433  0.1378)
    (22.121    1.399  0.1503)
    (22.727    1.365  0.1618)
    (23.333    1.329  0.1737)
    (23.939    1.293  0.1859)
    (24.545    1.263  0.2001)
    (25.152    1.236  0.2147)
    (25.758    1.212  0.2293)
    (26.364    1.188  0.2441)
    (26.970    1.164  0.2586)
    (27.576    1.142  0.2730)
    (28.182    1.119  0.2886)
    (28.788    1.090  0.3070)
    (29.394    1.064  0.3253)
    (30.000    1.039  0.3449)
    (33.000    0.959  0.4319)
    (36.000    0.967  0.5059)
    (39.000    0.975  0.5833)
    (42.000    0.982  0.6618)
    (45.000    0.986  0.7412)
    (48.000    0.948  0.8207)
    (51.000    0.905  0.8989)
    (54.000    0.858  0.9751)
    (57.000    0.806  1.0493)
    (60.000    0.748  1.1193)
    (63.000    0.686  1.1852)
    (66.000    0.620  1.2470)
    (69.000    0.550  1.3035)
    (72.000    0.476  1.3524)
    (75.000    0.399  1.3955)
    (78.000    0.320  1.4325)
    (81.000    0.240  1.4608)
    (84.000    0.160  1.4808)
    (87.000    0.080  1.4939)
    (90.000    0.000  1.5000)
    (93.000    -0.056  1.4939)
    (96.000    -0.112  1.4808)
    (99.000    -0.168  1.4608)
    (102.000    -0.224  1.4325)
    (105.000    -0.279  1.3955)
    (108.000    -0.333  1.3524)
    (111.000    -0.385  1.3035)
    (114.000    -0.434  1.2470)
    (117.000    -0.480  1.1852)
    (120.000    -0.523  1.1193)
    (123.000    -0.564  1.0493)
    (126.000    -0.600  0.9751)
    (129.000    -0.634  0.8989)
    (132.000    -0.664  0.8207)
    (135.000    -0.690  0.7412)
    (138.000    -0.713  0.6618)
    (141.000    -0.735  0.5833)
    (144.000    -0.756  0.5059)
    (147.000    -0.777  0.4319)
    (150.000    -0.734  0.3603)
    (153.000    -0.661  0.2933)
    (156.000    -0.588  0.2312)
    (159.000    -0.514  0.1742)
    (162.000    -0.441  0.1235)
    (165.000    -0.367  0.0803)
    (168.000    -0.294  0.0447)
    (171.000    -0.220  0.0270)
    (174.000    -0.147  0.0211)
    (177.000    -0.073  0.0174)
    (180.000    0.000  0.0161)
