// From NREL's SOWFA
//   alpha   C_l    C_d
    (-180.000    0.000  0.0305)
    (-177.000    0.091  0.0317)
    (-174.000    0.181  0.0348)
    (-171.000    0.272  0.0397)
    (-168.000    0.362  0.0483)
    (-165.000    0.453  0.0720)
    (-162.000    0.543  0.1090)
    (-159.000    0.634  0.1521)
    (-156.000    0.724  0.2007)
    (-153.000    0.815  0.2538)
    (-150.000    0.905  0.3111)
    (-147.000    0.946  0.3726)
    (-144.000    0.889  0.4362)
    (-141.000    0.839  0.5026)
    (-138.000    0.791  0.5702)
    (-135.000    0.744  0.6386)
    (-132.000    0.699  0.7071)
    (-129.000    0.653  0.7747)
    (-126.000    0.607  0.8409)
    (-123.000    0.560  0.9055)
    (-120.000    0.512  0.9663)
    (-117.000    0.462  1.0237)
    (-114.000    0.412  1.0776)
    (-111.000    0.361  1.1269)
    (-108.000    0.308  1.1696)
    (-105.000    0.256  1.2073)
    (-102.000    0.203  1.2399)
    (-99.000    0.151  1.2647)
    (-96.000    0.099  1.2825)
    (-93.000    0.049  1.2942)
    (-90.000    -0.000  1.3000)
    (-87.000    -0.049  1.2942)
    (-84.000    -0.099  1.2825)
    (-81.000    -0.151  1.2647)
    (-78.000    -0.203  1.2399)
    (-75.000    -0.256  1.2073)
    (-72.000    -0.308  1.1696)
    (-69.000    -0.361  1.1269)
    (-66.000    -0.412  1.0776)
    (-63.000    -0.462  1.0237)
    (-60.000    -0.512  0.9663)
    (-57.000    -0.560  0.9055)
    (-54.000    -0.607  0.8409)
    (-51.000    -0.653  0.7747)
    (-48.000    -0.699  0.7071)
    (-45.000    -0.744  0.6386)
    (-42.000    -0.827  0.5702)
    (-39.000    -0.905  0.5026)
    (-36.000    -0.977  0.4362)
    (-33.000    -1.049  0.3726)
    (-30.000    -1.172  0.2792)
    (-29.394    -1.200  0.2574)
    (-28.788    -1.228  0.2357)
    (-28.182    -1.256  0.2141)
    (-27.576    -1.263  0.2015)
    (-26.970    -1.261  0.1927)
    (-26.364    -1.259  0.1840)
    (-25.758    -1.256  0.1754)
    (-25.152    -1.253  0.1668)
    (-24.545    -1.248  0.1582)
    (-23.939    -1.241  0.1498)
    (-23.333    -1.230  0.1430)
    (-22.727    -1.218  0.1362)
    (-22.121    -1.207  0.1294)
    (-21.515    -1.195  0.1227)
    (-20.909    -1.185  0.1158)
    (-20.303    -1.175  0.1089)
    (-19.697    -1.165  0.1025)
    (-19.091    -1.152  0.0967)
    (-18.485    -1.140  0.0909)
    (-17.879    -1.127  0.0852)
    (-17.273    -1.114  0.0800)
    (-16.667    -1.102  0.0748)
    (-16.061    -1.089  0.0697)
    (-15.455    -1.078  0.0648)
    (-14.848    -1.068  0.0600)
    (-14.242    -1.058  0.0552)
    (-13.636    -1.049  0.0507)
    (-13.030    -1.040  0.0464)
    (-12.424    -1.032  0.0421)
    (-11.818    -1.016  0.0381)
    (-11.212    -0.980  0.0349)
    (-10.606    -0.945  0.0316)
    (-10.000    -0.908  0.0283)
    (-9.394    -0.840  0.0262)
    (-8.788    -0.772  0.0241)
    (-8.182    -0.704  0.0220)
    (-7.576    -0.631  0.0204)
    (-6.970    -0.557  0.0190)
    (-6.364    -0.483  0.0177)
    (-5.758    -0.405  0.0165)
    (-5.152    -0.322  0.0158)
    (-4.545    -0.238  0.0150)
    (-3.939    -0.154  0.0143)
    (-3.333    -0.066  0.0140)
    (-2.727    0.022  0.0137)
    (-2.121    0.111  0.0134)
    (-1.515    0.199  0.0132)
    (-0.909    0.286  0.0131)
    (-0.303    0.373  0.0130)
    ( 0.303    0.459  0.0130)
    ( 0.909    0.544  0.0130)
    ( 1.515    0.628  0.0131)
    ( 2.121    0.712  0.0132)
    ( 2.727    0.794  0.0133)
    ( 3.333    0.876  0.0135)
    ( 3.939    0.958  0.0136)
    ( 4.545    1.038  0.0139)
    ( 5.152    1.118  0.0141)
    ( 5.758    1.196  0.0144)
    ( 6.364    1.274  0.0147)
    ( 6.970    1.351  0.0151)
    ( 7.576    1.426  0.0155)
    ( 8.182    1.500  0.0160)
    ( 8.788    1.572  0.0165)
    ( 9.394    1.642  0.0172)
    (10.000    1.710  0.0179)
    (10.606    1.773  0.0189)
    (11.212    1.835  0.0200)
    (11.818    1.889  0.0214)
    (12.424    1.934  0.0234)
    (13.030    1.974  0.0257)
    (13.636    1.996  0.0296)
    (14.242    2.013  0.0341)
    (14.848    2.022  0.0395)
    (15.455    2.029  0.0454)
    (16.061    2.033  0.0516)
    (16.667    2.028  0.0587)
    (17.273    2.022  0.0659)
    (17.879    2.017  0.0731)
    (18.485    1.984  0.0831)
    (19.091    1.944  0.0938)
    (19.697    1.904  0.1045)
    (20.303    1.868  0.1160)
    (20.909    1.836  0.1284)
    (21.515    1.804  0.1407)
    (22.121    1.772  0.1530)
    (22.727    1.740  0.1654)
    (23.333    1.708  0.1778)
    (23.939    1.676  0.1899)
    (24.545    1.665  0.2021)
    (25.152    1.654  0.2144)
    (25.758    1.641  0.2267)
    (26.364    1.627  0.2390)
    (26.970    1.613  0.2512)
    (27.576    1.599  0.2635)
    (28.182    1.585  0.2757)
    (28.788    1.573  0.2877)
    (29.394    1.561  0.2997)
    (30.000    1.546  0.3117)
    (33.000    1.468  0.3726)
    (36.000    1.369  0.4362)
    (39.000    1.272  0.5026)
    (42.000    1.167  0.5702)
    (45.000    1.063  0.6386)
    (48.000    0.999  0.7071)
    (51.000    0.933  0.7747)
    (54.000    0.867  0.8409)
    (57.000    0.800  0.9055)
    (60.000    0.731  0.9663)
    (63.000    0.661  1.0237)
    (66.000    0.589  1.0776)
    (69.000    0.515  1.1269)
    (72.000    0.441  1.1696)
    (75.000    0.366  1.2073)
    (78.000    0.290  1.2399)
    (81.000    0.215  1.2647)
    (84.000    0.142  1.2825)
    (87.000    0.070  1.2942)
    (90.000    0.000  1.3000)
    (93.000    -0.049  1.2942)
    (96.000    -0.099  1.2825)
    (99.000    -0.151  1.2647)
    (102.000    -0.203  1.2399)
    (105.000    -0.256  1.2073)
    (108.000    -0.308  1.1696)
    (111.000    -0.361  1.1269)
    (114.000    -0.412  1.0776)
    (117.000    -0.462  1.0237)
    (120.000    -0.512  0.9663)
    (123.000    -0.560  0.9055)
    (126.000    -0.607  0.8409)
    (129.000    -0.653  0.7747)
    (132.000    -0.699  0.7071)
    (135.000    -0.744  0.6386)
    (138.000    -0.791  0.5702)
    (141.000    -0.839  0.5026)
    (144.000    -0.889  0.4362)
    (147.000    -0.946  0.3726)
    (150.000    -0.905  0.3111)
    (153.000    -0.815  0.2538)
    (156.000    -0.724  0.2007)
    (159.000    -0.634  0.1521)
    (162.000    -0.543  0.1090)
    (165.000    -0.453  0.0720)
    (168.000    -0.362  0.0483)
    (171.000    -0.272  0.0397)
    (174.000    -0.181  0.0348)
    (177.000    -0.091  0.0317)
    (180.000    0.000  0.0305)
