// From NREL's SOWFA
//   alpha   C_l    C_d
    (-180.000    0.000  0.0196)
    (-177.000    0.083  0.0208)
    (-174.000    0.167  0.0240)
    (-171.000    0.250  0.0292)
    (-168.000    0.334  0.0414)
    (-165.000    0.417  0.0732)
    (-162.000    0.501  0.1116)
    (-159.000    0.584  0.1561)
    (-156.000    0.667  0.2062)
    (-153.000    0.751  0.2608)
    (-150.000    0.834  0.3199)
    (-147.000    0.875  0.3832)
    (-144.000    0.831  0.4487)
    (-141.000    0.791  0.5171)
    (-138.000    0.753  0.5867)
    (-135.000    0.715  0.6571)
    (-132.000    0.677  0.7276)
    (-129.000    0.637  0.7972)
    (-126.000    0.595  0.8654)
    (-123.000    0.552  0.9319)
    (-120.000    0.506  0.9945)
    (-117.000    0.460  1.0536)
    (-114.000    0.411  1.1091)
    (-111.000    0.361  1.1599)
    (-108.000    0.310  1.2039)
    (-105.000    0.258  1.2427)
    (-102.000    0.206  1.2762)
    (-99.000    0.153  1.3018)
    (-96.000    0.101  1.3201)
    (-93.000    0.050  1.3322)
    (-90.000    -0.000  1.3382)
    (-87.000    -0.050  1.3322)
    (-84.000    -0.101  1.3201)
    (-81.000    -0.153  1.3018)
    (-78.000    -0.206  1.2762)
    (-75.000    -0.258  1.2427)
    (-72.000    -0.310  1.2039)
    (-69.000    -0.361  1.1599)
    (-66.000    -0.411  1.1091)
    (-63.000    -0.460  1.0536)
    (-60.000    -0.506  0.9945)
    (-57.000    -0.552  0.9319)
    (-54.000    -0.595  0.8654)
    (-51.000    -0.637  0.7972)
    (-48.000    -0.677  0.7276)
    (-45.000    -0.715  0.6571)
    (-42.000    -0.740  0.5867)
    (-39.000    -0.769  0.5171)
    (-36.000    -0.801  0.4487)
    (-33.000    -0.840  0.3832)
    (-30.000    -0.958  0.2904)
    (-29.394    -0.990  0.2686)
    (-28.788    -1.022  0.2468)
    (-28.182    -1.055  0.2247)
    (-27.576    -1.064  0.2118)
    (-26.970    -1.062  0.2029)
    (-26.364    -1.060  0.1940)
    (-25.758    -1.059  0.1849)
    (-25.152    -1.058  0.1759)
    (-24.545    -1.058  0.1668)
    (-23.939    -1.058  0.1579)
    (-23.333    -1.060  0.1498)
    (-22.727    -1.061  0.1418)
    (-22.121    -1.064  0.1337)
    (-21.515    -1.067  0.1256)
    (-20.909    -1.068  0.1174)
    (-20.303    -1.070  0.1094)
    (-19.697    -1.070  0.1023)
    (-19.091    -1.070  0.0959)
    (-18.485    -1.070  0.0895)
    (-17.879    -1.069  0.0833)
    (-17.273    -1.067  0.0777)
    (-16.667    -1.064  0.0721)
    (-16.061    -1.062  0.0665)
    (-15.455    -1.070  0.0608)
    (-14.848    -1.079  0.0552)
    (-14.242    -1.090  0.0495)
    (-13.636    -1.095  0.0444)
    (-13.030    -1.095  0.0396)
    (-12.424    -1.094  0.0348)
    (-11.818    -1.076  0.0305)
    (-11.212    -1.025  0.0273)
    (-10.606    -0.974  0.0242)
    (-10.000    -0.921  0.0211)
    (-9.394    -0.853  0.0195)
    (-8.788    -0.785  0.0180)
    (-8.182    -0.716  0.0165)
    (-7.576    -0.642  0.0154)
    (-6.970    -0.567  0.0144)
    (-6.364    -0.493  0.0134)
    (-5.758    -0.414  0.0127)
    (-5.152    -0.331  0.0122)
    (-4.545    -0.247  0.0117)
    (-3.939    -0.164  0.0113)
    (-3.333    -0.080  0.0111)
    (-2.727    0.004  0.0109)
    (-2.121    0.089  0.0107)
    (-1.515    0.172  0.0106)
    (-0.909    0.253  0.0105)
    (-0.303    0.334  0.0105)
    ( 0.303    0.414  0.0105)
    ( 0.909    0.495  0.0106)
    ( 1.515    0.575  0.0106)
    ( 2.121    0.654  0.0107)
    ( 2.727    0.733  0.0109)
    ( 3.333    0.811  0.0110)
    ( 3.939    0.889  0.0112)
    ( 4.545    0.966  0.0114)
    ( 5.152    1.042  0.0116)
    ( 5.758    1.117  0.0119)
    ( 6.364    1.192  0.0123)
    ( 6.970    1.266  0.0126)
    ( 7.576    1.339  0.0130)
    ( 8.182    1.411  0.0134)
    ( 8.788    1.481  0.0139)
    ( 9.394    1.549  0.0145)
    (10.000    1.615  0.0151)
    (10.606    1.677  0.0159)
    (11.212    1.737  0.0169)
    (11.818    1.793  0.0179)
    (12.424    1.843  0.0194)
    (13.030    1.889  0.0210)
    (13.636    1.925  0.0232)
    (14.242    1.946  0.0265)
    (14.848    1.944  0.0311)
    (15.455    1.936  0.0367)
    (16.061    1.921  0.0430)
    (16.667    1.879  0.0521)
    (17.273    1.838  0.0612)
    (17.879    1.796  0.0703)
    (18.485    1.742  0.0819)
    (19.091    1.684  0.0941)
    (19.697    1.627  0.1063)
    (20.303    1.581  0.1188)
    (20.909    1.546  0.1317)
    (21.515    1.511  0.1445)
    (22.121    1.476  0.1574)
    (22.727    1.441  0.1702)
    (23.333    1.406  0.1831)
    (23.939    1.372  0.1962)
    (24.545    1.357  0.2084)
    (25.152    1.345  0.2206)
    (25.758    1.335  0.2327)
    (26.364    1.325  0.2449)
    (26.970    1.318  0.2566)
    (27.576    1.310  0.2685)
    (28.182    1.299  0.2807)
    (28.788    1.288  0.2936)
    (29.394    1.277  0.3064)
    (30.000    1.266  0.3192)
    (33.000    1.211  0.3832)
    (36.000    1.154  0.4487)
    (39.000    1.106  0.5171)
    (42.000    1.062  0.5867)
    (45.000    1.021  0.6571)
    (48.000    0.967  0.7276)
    (51.000    0.909  0.7972)
    (54.000    0.850  0.8654)
    (57.000    0.788  0.9319)
    (60.000    0.723  0.9945)
    (63.000    0.656  1.0536)
    (66.000    0.588  1.1091)
    (69.000    0.516  1.1599)
    (72.000    0.443  1.2039)
    (75.000    0.369  1.2427)
    (78.000    0.294  1.2762)
    (81.000    0.219  1.3018)
    (84.000    0.145  1.3201)
    (87.000    0.072  1.3322)
    (90.000    0.000  1.3382)
    (93.000    -0.050  1.3322)
    (96.000    -0.101  1.3201)
    (99.000    -0.153  1.3018)
    (102.000    -0.206  1.2762)
    (105.000    -0.258  1.2427)
    (108.000    -0.310  1.2039)
    (111.000    -0.361  1.1599)
    (114.000    -0.411  1.1091)
    (117.000    -0.460  1.0536)
    (120.000    -0.506  0.9945)
    (123.000    -0.552  0.9319)
    (126.000    -0.595  0.8654)
    (129.000    -0.637  0.7972)
    (132.000    -0.677  0.7276)
    (135.000    -0.715  0.6571)
    (138.000    -0.753  0.5867)
    (141.000    -0.791  0.5171)
    (144.000    -0.831  0.4487)
    (147.000    -0.875  0.3832)
    (150.000    -0.834  0.3199)
    (153.000    -0.751  0.2608)
    (156.000    -0.667  0.2062)
    (159.000    -0.584  0.1561)
    (162.000    -0.501  0.1116)
    (165.000    -0.417  0.0732)
    (168.000    -0.334  0.0414)
    (171.000    -0.250  0.0292)
    (174.000    -0.167  0.0240)
    (177.000    -0.083  0.0208)
    (180.000    0.000  0.0196)
