// From NREL's SOWFA
//   alpha   C_l    C_d
    (-180.000    0.000  0.3500)
    (-177.000    0.000  0.3500)
    (-174.000    0.000  0.3500)
    (-171.000    0.000  0.3500)
    (-168.000    0.000  0.3500)
    (-165.000    0.000  0.3500)
    (-162.000    0.000  0.3500)
    (-159.000    0.000  0.3500)
    (-156.000    0.000  0.3500)
    (-153.000    0.000  0.3500)
    (-150.000    0.000  0.3500)
    (-147.000    0.000  0.3500)
    (-144.000    0.000  0.3500)
    (-141.000    0.000  0.3500)
    (-138.000    0.000  0.3500)
    (-135.000    0.000  0.3500)
    (-132.000    0.000  0.3500)
    (-129.000    0.000  0.3500)
    (-126.000    0.000  0.3500)
    (-123.000    0.000  0.3500)
    (-120.000    0.000  0.3500)
    (-117.000    0.000  0.3500)
    (-114.000    0.000  0.3500)
    (-111.000    0.000  0.3500)
    (-108.000    0.000  0.3500)
    (-105.000    0.000  0.3500)
    (-102.000    0.000  0.3500)
    (-99.000    0.000  0.3500)
    (-96.000    0.000  0.3500)
    (-93.000    0.000  0.3500)
    (-90.000    0.000  0.3500)
    (-87.000    0.000  0.3500)
    (-84.000    0.000  0.3500)
    (-81.000    0.000  0.3500)
    (-78.000    0.000  0.3500)
    (-75.000    0.000  0.3500)
    (-72.000    0.000  0.3500)
    (-69.000    0.000  0.3500)
    (-66.000    0.000  0.3500)
    (-63.000    0.000  0.3500)
    (-60.000    0.000  0.3500)
    (-57.000    0.000  0.3500)
    (-54.000    0.000  0.3500)
    (-51.000    0.000  0.3500)
    (-48.000    0.000  0.3500)
    (-45.000    0.000  0.3500)
    (-42.000    0.000  0.3500)
    (-39.000    0.000  0.3500)
    (-36.000    0.000  0.3500)
    (-33.000    0.000  0.3500)
    (-30.000    0.000  0.3500)
    (-29.394    0.000  0.3500)
    (-28.788    0.000  0.3500)
    (-28.182    0.000  0.3500)
    (-27.576    0.000  0.3500)
    (-26.970    0.000  0.3500)
    (-26.364    0.000  0.3500)
    (-25.758    0.000  0.3500)
    (-25.152    0.000  0.3500)
    (-24.545    0.000  0.3500)
    (-23.939    0.000  0.3500)
    (-23.333    0.000  0.3500)
    (-22.727    0.000  0.3500)
    (-22.121    0.000  0.3500)
    (-21.515    0.000  0.3500)
    (-20.909    0.000  0.3500)
    (-20.303    0.000  0.3500)
    (-19.697    0.000  0.3500)
    (-19.091    0.000  0.3500)
    (-18.485    0.000  0.3500)
    (-17.879    0.000  0.3500)
    (-17.273    0.000  0.3500)
    (-16.667    0.000  0.3500)
    (-16.061    0.000  0.3500)
    (-15.455    0.000  0.3500)
    (-14.848    0.000  0.3500)
    (-14.242    0.000  0.3500)
    (-13.636    0.000  0.3500)
    (-13.030    0.000  0.3500)
    (-12.424    0.000  0.3500)
    (-11.818    0.000  0.3500)
    (-11.212    0.000  0.3500)
    (-10.606    0.000  0.3500)
    (-10.000    0.000  0.3500)
    (-9.394    0.000  0.3500)
    (-8.788    0.000  0.3500)
    (-8.182    0.000  0.3500)
    (-7.576    0.000  0.3500)
    (-6.970    0.000  0.3500)
    (-6.364    0.000  0.3500)
    (-5.758    0.000  0.3500)
    (-5.152    0.000  0.3500)
    (-4.545    0.000  0.3500)
    (-3.939    0.000  0.3500)
    (-3.333    0.000  0.3500)
    (-2.727    0.000  0.3500)
    (-2.121    0.000  0.3500)
    (-1.515    0.000  0.3500)
    (-0.909    0.000  0.3500)
    (-0.303    0.000  0.3500)
    ( 0.303    0.000  0.3500)
    ( 0.909    0.000  0.3500)
    ( 1.515    0.000  0.3500)
    ( 2.121    0.000  0.3500)
    ( 2.727    0.000  0.3500)
    ( 3.333    0.000  0.3500)
    ( 3.939    0.000  0.3500)
    ( 4.545    0.000  0.3500)
    ( 5.152    0.000  0.3500)
    ( 5.758    0.000  0.3500)
    ( 6.364    0.000  0.3500)
    ( 6.970    0.000  0.3500)
    ( 7.576    0.000  0.3500)
    ( 8.182    0.000  0.3500)
    ( 8.788    0.000  0.3500)
    ( 9.394    0.000  0.3500)
    (10.000    0.000  0.3500)
    (10.606    0.000  0.3500)
    (11.212    0.000  0.3500)
    (11.818    0.000  0.3500)
    (12.424    0.000  0.3500)
    (13.030    0.000  0.3500)
    (13.636    0.000  0.3500)
    (14.242    0.000  0.3500)
    (14.848    0.000  0.3500)
    (15.455    0.000  0.3500)
    (16.061    0.000  0.3500)
    (16.667    0.000  0.3500)
    (17.273    0.000  0.3500)
    (17.879    0.000  0.3500)
    (18.485    0.000  0.3500)
    (19.091    0.000  0.3500)
    (19.697    0.000  0.3500)
    (20.303    0.000  0.3500)
    (20.909    0.000  0.3500)
    (21.515    0.000  0.3500)
    (22.121    0.000  0.3500)
    (22.727    0.000  0.3500)
    (23.333    0.000  0.3500)
    (23.939    0.000  0.3500)
    (24.545    0.000  0.3500)
    (25.152    0.000  0.3500)
    (25.758    0.000  0.3500)
    (26.364    0.000  0.3500)
    (26.970    0.000  0.3500)
    (27.576    0.000  0.3500)
    (28.182    0.000  0.3500)
    (28.788    0.000  0.3500)
    (29.394    0.000  0.3500)
    (30.000    0.000  0.3500)
    (33.000    0.000  0.3500)
    (36.000    0.000  0.3500)
    (39.000    0.000  0.3500)
    (42.000    0.000  0.3500)
    (45.000    0.000  0.3500)
    (48.000    0.000  0.3500)
    (51.000    0.000  0.3500)
    (54.000    0.000  0.3500)
    (57.000    0.000  0.3500)
    (60.000    0.000  0.3500)
    (63.000    0.000  0.3500)
    (66.000    0.000  0.3500)
    (69.000    0.000  0.3500)
    (72.000    0.000  0.3500)
    (75.000    0.000  0.3500)
    (78.000    0.000  0.3500)
    (81.000    0.000  0.3500)
    (84.000    0.000  0.3500)
    (87.000    0.000  0.3500)
    (90.000    0.000  0.3500)
    (93.000    0.000  0.3500)
    (96.000    0.000  0.3500)
    (99.000    0.000  0.3500)
    (102.000    0.000  0.3500)
    (105.000    0.000  0.3500)
    (108.000    0.000  0.3500)
    (111.000    0.000  0.3500)
    (114.000    0.000  0.3500)
    (117.000    0.000  0.3500)
    (120.000    0.000  0.3500)
    (123.000    0.000  0.3500)
    (126.000    0.000  0.3500)
    (129.000    0.000  0.3500)
    (132.000    0.000  0.3500)
    (135.000    0.000  0.3500)
    (138.000    0.000  0.3500)
    (141.000    0.000  0.3500)
    (144.000    0.000  0.3500)
    (147.000    0.000  0.3500)
    (150.000    0.000  0.3500)
    (153.000    0.000  0.3500)
    (156.000    0.000  0.3500)
    (159.000    0.000  0.3500)
    (162.000    0.000  0.3500)
    (165.000    0.000  0.3500)
    (168.000    0.000  0.3500)
    (171.000    0.000  0.3500)
    (174.000    0.000  0.3500)
    (177.000    0.000  0.3500)
    (180.000    0.000  0.3500)
