// From NREL's SOWFA
//   alpha   C_l    C_d
    (-180.000    0.000  0.0241)
    (-177.000    0.071  0.0254)
    (-174.000    0.142  0.0290)
    (-171.000    0.213  0.0348)
    (-168.000    0.284  0.0612)
    (-165.000    0.355  0.0970)
    (-162.000    0.426  0.1395)
    (-159.000    0.497  0.1891)
    (-156.000    0.568  0.2449)
    (-153.000    0.640  0.3059)
    (-150.000    0.711  0.3718)
    (-147.000    0.752  0.4424)
    (-144.000    0.734  0.5154)
    (-141.000    0.716  0.5917)
    (-138.000    0.696  0.6693)
    (-135.000    0.674  0.7477)
    (-132.000    0.649  0.8263)
    (-129.000    0.620  0.9037)
    (-126.000    0.589  0.9795)
    (-123.000    0.554  1.0533)
    (-120.000    0.515  1.1228)
    (-117.000    0.473  1.1883)
    (-114.000    0.428  1.2497)
    (-111.000    0.380  1.3059)
    (-108.000    0.330  1.3544)
    (-105.000    0.277  1.3971)
    (-102.000    0.223  1.4339)
    (-99.000    0.167  1.4618)
    (-96.000    0.111  1.4814)
    (-93.000    0.056  1.4942)
    (-90.000    -0.000  1.5000)
    (-87.000    -0.056  1.4942)
    (-84.000    -0.111  1.4814)
    (-81.000    -0.167  1.4618)
    (-78.000    -0.223  1.4339)
    (-75.000    -0.277  1.3971)
    (-72.000    -0.330  1.3544)
    (-69.000    -0.380  1.3059)
    (-66.000    -0.428  1.2497)
    (-63.000    -0.473  1.1883)
    (-60.000    -0.515  1.1228)
    (-57.000    -0.554  1.0533)
    (-54.000    -0.589  0.9795)
    (-51.000    -0.620  0.9037)
    (-48.000    -0.649  0.8263)
    (-45.000    -0.674  0.7477)
    (-42.000    -0.658  0.6693)
    (-39.000    -0.641  0.5917)
    (-36.000    -0.622  0.5154)
    (-33.000    -0.602  0.4424)
    (-30.000    -0.650  0.3512)
    (-29.394    -0.666  0.3309)
    (-28.788    -0.682  0.3106)
    (-28.182    -0.699  0.2904)
    (-27.576    -0.740  0.2690)
    (-26.970    -0.791  0.2471)
    (-26.364    -0.844  0.2253)
    (-25.758    -0.897  0.2034)
    (-25.152    -0.950  0.1815)
    (-24.545    -1.008  0.1597)
    (-23.939    -1.062  0.1391)
    (-23.333    -1.077  0.1306)
    (-22.727    -1.091  0.1221)
    (-22.121    -1.106  0.1136)
    (-21.515    -1.121  0.1051)
    (-20.909    -1.136  0.0966)
    (-20.303    -1.151  0.0881)
    (-19.697    -1.160  0.0811)
    (-19.091    -1.163  0.0755)
    (-18.485    -1.166  0.0699)
    (-17.879    -1.168  0.0645)
    (-17.273    -1.167  0.0596)
    (-16.667    -1.166  0.0547)
    (-16.061    -1.166  0.0498)
    (-15.455    -1.165  0.0453)
    (-14.848    -1.163  0.0409)
    (-14.242    -1.162  0.0364)
    (-13.636    -1.149  0.0323)
    (-13.030    -1.129  0.0285)
    (-12.424    -1.109  0.0246)
    (-11.818    -1.076  0.0211)
    (-11.212    -1.013  0.0188)
    (-10.606    -0.949  0.0165)
    (-10.000    -0.886  0.0141)
    (-9.394    -0.809  0.0131)
    (-8.788    -0.732  0.0121)
    (-8.182    -0.655  0.0111)
    (-7.576    -0.578  0.0103)
    (-6.970    -0.501  0.0098)
    (-6.364    -0.424  0.0092)
    (-5.758    -0.347  0.0086)
    (-5.152    -0.269  0.0081)
    (-4.545    -0.192  0.0075)
    (-3.939    -0.115  0.0070)
    (-3.333    -0.039  0.0069)
    (-2.727    0.037  0.0068)
    (-2.121    0.113  0.0067)
    (-1.515    0.188  0.0067)
    (-0.909    0.263  0.0067)
    (-0.303    0.338  0.0067)
    ( 0.303    0.412  0.0068)
    ( 0.909    0.487  0.0068)
    ( 1.515    0.561  0.0069)
    ( 2.121    0.635  0.0070)
    ( 2.727    0.708  0.0072)
    ( 3.333    0.781  0.0073)
    ( 3.939    0.854  0.0075)
    ( 4.545    0.926  0.0078)
    ( 5.152    0.997  0.0081)
    ( 5.758    1.067  0.0086)
    ( 6.364    1.135  0.0091)
    ( 6.970    1.203  0.0097)
    ( 7.576    1.267  0.0104)
    ( 8.182    1.331  0.0112)
    ( 8.788    1.394  0.0120)
    ( 9.394    1.455  0.0128)
    (10.000    1.516  0.0137)
    (10.606    1.573  0.0147)
    (11.212    1.628  0.0157)
    (11.818    1.681  0.0168)
    (12.424    1.727  0.0183)
    (13.030    1.771  0.0198)
    (13.636    1.802  0.0222)
    (14.242    1.821  0.0254)
    (14.848    1.823  0.0297)
    (15.455    1.798  0.0362)
    (16.061    1.762  0.0437)
    (16.667    1.707  0.0540)
    (17.273    1.652  0.0643)
    (17.879    1.597  0.0746)
    (18.485    1.555  0.0851)
    (19.091    1.515  0.0957)
    (19.697    1.475  0.1062)
    (20.303    1.441  0.1170)
    (20.909    1.413  0.1281)
    (21.515    1.385  0.1392)
    (22.121    1.357  0.1502)
    (22.727    1.329  0.1612)
    (23.333    1.301  0.1721)
    (23.939    1.273  0.1831)
    (24.545    1.243  0.1968)
    (25.152    1.215  0.2108)
    (25.758    1.190  0.2247)
    (26.364    1.167  0.2387)
    (26.970    1.144  0.2527)
    (27.576    1.121  0.2666)
    (28.182    1.096  0.2828)
    (28.788    1.063  0.3043)
    (29.394    1.032  0.3257)
    (30.000    1.001  0.3472)
    (33.000    0.924  0.4424)
    (36.000    0.936  0.5154)
    (39.000    0.947  0.5917)
    (42.000    0.956  0.6693)
    (45.000    0.963  0.7477)
    (48.000    0.927  0.8263)
    (51.000    0.886  0.9037)
    (54.000    0.841  0.9795)
    (57.000    0.792  1.0533)
    (60.000    0.736  1.1228)
    (63.000    0.676  1.1883)
    (66.000    0.612  1.2497)
    (69.000    0.543  1.3059)
    (72.000    0.471  1.3544)
    (75.000    0.396  1.3971)
    (78.000    0.318  1.4339)
    (81.000    0.239  1.4618)
    (84.000    0.159  1.4814)
    (87.000    0.079  1.4942)
    (90.000    0.000  1.5000)
    (93.000    -0.056  1.4942)
    (96.000    -0.111  1.4814)
    (99.000    -0.167  1.4618)
    (102.000    -0.223  1.4339)
    (105.000    -0.277  1.3971)
    (108.000    -0.330  1.3544)
    (111.000    -0.380  1.3059)
    (114.000    -0.428  1.2497)
    (117.000    -0.473  1.1883)
    (120.000    -0.515  1.1228)
    (123.000    -0.554  1.0533)
    (126.000    -0.589  0.9795)
    (129.000    -0.620  0.9037)
    (132.000    -0.649  0.8263)
    (135.000    -0.674  0.7477)
    (138.000    -0.696  0.6693)
    (141.000    -0.716  0.5917)
    (144.000    -0.734  0.5154)
    (147.000    -0.752  0.4424)
    (150.000    -0.711  0.3718)
    (153.000    -0.640  0.3059)
    (156.000    -0.568  0.2449)
    (159.000    -0.497  0.1891)
    (162.000    -0.426  0.1395)
    (165.000    -0.355  0.0970)
    (168.000    -0.284  0.0612)
    (171.000    -0.213  0.0348)
    (174.000    -0.142  0.0290)
    (177.000    -0.071  0.0254)
    (180.000    0.000  0.0241)
