// From NREL's SOWFA
//   alpha   C_l    C_d
    (-180.000    0.000  0.0159)
    (-177.000    0.082  0.0171)
    (-174.000    0.164  0.0205)
    (-171.000    0.246  0.0259)
    (-168.000    0.327  0.0392)
    (-165.000    0.409  0.0726)
    (-162.000    0.491  0.1124)
    (-159.000    0.573  0.1587)
    (-156.000    0.655  0.2108)
    (-153.000    0.737  0.2677)
    (-150.000    0.819  0.3293)
    (-147.000    0.860  0.3952)
    (-144.000    0.821  0.4635)
    (-141.000    0.785  0.5348)
    (-138.000    0.749  0.6074)
    (-135.000    0.714  0.6807)
    (-132.000    0.678  0.7543)
    (-129.000    0.640  0.8268)
    (-126.000    0.600  0.8980)
    (-123.000    0.559  0.9674)
    (-120.000    0.514  1.0327)
    (-117.000    0.468  1.0944)
    (-114.000    0.420  1.1523)
    (-111.000    0.370  1.2054)
    (-108.000    0.318  1.2514)
    (-105.000    0.266  1.2920)
    (-102.000    0.212  1.3270)
    (-99.000    0.159  1.3539)
    (-96.000    0.105  1.3732)
    (-93.000    0.052  1.3860)
    (-90.000    -0.000  1.3924)
    (-87.000    -0.052  1.3860)
    (-84.000    -0.105  1.3732)
    (-81.000    -0.159  1.3539)
    (-78.000    -0.212  1.3270)
    (-75.000    -0.266  1.2920)
    (-72.000    -0.318  1.2514)
    (-69.000    -0.370  1.2054)
    (-66.000    -0.420  1.1523)
    (-63.000    -0.468  1.0944)
    (-60.000    -0.514  1.0327)
    (-57.000    -0.559  0.9674)
    (-54.000    -0.600  0.8980)
    (-51.000    -0.640  0.8268)
    (-48.000    -0.678  0.7543)
    (-45.000    -0.714  0.6807)
    (-42.000    -0.728  0.6074)
    (-39.000    -0.746  0.5348)
    (-36.000    -0.769  0.4635)
    (-33.000    -0.799  0.3952)
    (-30.000    -0.922  0.2956)
    (-29.394    -0.957  0.2723)
    (-28.788    -0.992  0.2490)
    (-28.182    -1.026  0.2256)
    (-27.576    -1.035  0.2124)
    (-26.970    -1.033  0.2035)
    (-26.364    -1.031  0.1947)
    (-25.758    -1.029  0.1857)
    (-25.152    -1.027  0.1768)
    (-24.545    -1.027  0.1678)
    (-23.939    -1.027  0.1590)
    (-23.333    -1.028  0.1511)
    (-22.727    -1.028  0.1431)
    (-22.121    -1.029  0.1352)
    (-21.515    -1.030  0.1272)
    (-20.909    -1.030  0.1193)
    (-20.303    -1.031  0.1114)
    (-19.697    -1.030  0.1043)
    (-19.091    -1.028  0.0980)
    (-18.485    -1.026  0.0918)
    (-17.879    -1.023  0.0857)
    (-17.273    -1.019  0.0801)
    (-16.667    -1.016  0.0745)
    (-16.061    -1.012  0.0689)
    (-15.455    -1.028  0.0626)
    (-14.848    -1.046  0.0563)
    (-14.242    -1.065  0.0499)
    (-13.636    -1.076  0.0443)
    (-13.030    -1.082  0.0393)
    (-12.424    -1.087  0.0344)
    (-11.818    -1.075  0.0299)
    (-11.212    -1.025  0.0265)
    (-10.606    -0.975  0.0232)
    (-10.000    -0.924  0.0199)
    (-9.394    -0.856  0.0183)
    (-8.788    -0.787  0.0167)
    (-8.182    -0.717  0.0151)
    (-7.576    -0.641  0.0140)
    (-6.970    -0.563  0.0131)
    (-6.364    -0.485  0.0123)
    (-5.758    -0.405  0.0116)
    (-5.152    -0.322  0.0112)
    (-4.545    -0.239  0.0108)
    (-3.939    -0.156  0.0104)
    (-3.333    -0.074  0.0102)
    (-2.727    0.008  0.0101)
    (-2.121    0.090  0.0099)
    (-1.515    0.171  0.0098)
    (-0.909    0.252  0.0098)
    (-0.303    0.332  0.0098)
    ( 0.303    0.411  0.0098)
    ( 0.909    0.490  0.0099)
    ( 1.515    0.569  0.0100)
    ( 2.121    0.647  0.0101)
    ( 2.727    0.725  0.0102)
    ( 3.333    0.802  0.0104)
    ( 3.939    0.879  0.0105)
    ( 4.545    0.955  0.0108)
    ( 5.152    1.031  0.0110)
    ( 5.758    1.105  0.0114)
    ( 6.364    1.178  0.0117)
    ( 6.970    1.252  0.0121)
    ( 7.576    1.323  0.0125)
    ( 8.182    1.394  0.0129)
    ( 8.788    1.464  0.0134)
    ( 9.394    1.531  0.0140)
    (10.000    1.597  0.0147)
    (10.606    1.658  0.0155)
    (11.212    1.717  0.0164)
    (11.818    1.772  0.0175)
    (12.424    1.820  0.0189)
    (13.030    1.864  0.0205)
    (13.636    1.899  0.0227)
    (14.242    1.914  0.0260)
    (14.848    1.898  0.0311)
    (15.455    1.882  0.0370)
    (16.061    1.861  0.0436)
    (16.667    1.807  0.0539)
    (17.273    1.754  0.0642)
    (17.879    1.700  0.0745)
    (18.485    1.644  0.0869)
    (19.091    1.587  0.0997)
    (19.697    1.530  0.1125)
    (20.303    1.486  0.1252)
    (20.909    1.456  0.1378)
    (21.515    1.426  0.1503)
    (22.121    1.395  0.1629)
    (22.727    1.365  0.1754)
    (23.333    1.335  0.1880)
    (23.939    1.305  0.2005)
    (24.545    1.294  0.2124)
    (25.152    1.287  0.2242)
    (25.758    1.281  0.2360)
    (26.364    1.275  0.2479)
    (26.970    1.271  0.2595)
    (27.576    1.266  0.2712)
    (28.182    1.258  0.2836)
    (28.788    1.245  0.2977)
    (29.394    1.232  0.3118)
    (30.000    1.218  0.3259)
    (33.000    1.160  0.3952)
    (36.000    1.114  0.4635)
    (39.000    1.078  0.5348)
    (42.000    1.047  0.6074)
    (45.000    1.020  0.6807)
    (48.000    0.968  0.7543)
    (51.000    0.914  0.8268)
    (54.000    0.857  0.8980)
    (57.000    0.798  0.9674)
    (60.000    0.735  1.0327)
    (63.000    0.669  1.0944)
    (66.000    0.600  1.1523)
    (69.000    0.529  1.2054)
    (72.000    0.455  1.2514)
    (75.000    0.380  1.2920)
    (78.000    0.303  1.3270)
    (81.000    0.226  1.3539)
    (84.000    0.150  1.3732)
    (87.000    0.074  1.3860)
    (90.000    0.000  1.3924)
    (93.000    -0.052  1.3860)
    (96.000    -0.105  1.3732)
    (99.000    -0.159  1.3539)
    (102.000    -0.212  1.3270)
    (105.000    -0.266  1.2920)
    (108.000    -0.318  1.2514)
    (111.000    -0.370  1.2054)
    (114.000    -0.420  1.1523)
    (117.000    -0.468  1.0944)
    (120.000    -0.514  1.0327)
    (123.000    -0.559  0.9674)
    (126.000    -0.600  0.8980)
    (129.000    -0.640  0.8268)
    (132.000    -0.678  0.7543)
    (135.000    -0.714  0.6807)
    (138.000    -0.749  0.6074)
    (141.000    -0.785  0.5348)
    (144.000    -0.821  0.4635)
    (147.000    -0.860  0.3952)
    (150.000    -0.819  0.3293)
    (153.000    -0.737  0.2677)
    (156.000    -0.655  0.2107)
    (159.000    -0.573  0.1587)
    (162.000    -0.491  0.1124)
    (165.000    -0.409  0.0726)
    (168.000    -0.327  0.0392)
    (171.000    -0.246  0.0259)
    (174.000    -0.164  0.0205)
    (177.000    -0.082  0.0171)
    (180.000    0.000  0.0159)
